Linux 5.15.0-131-generic (is.magic-number.odbjtomcatpefs-pg0.wisc.cloudlab.us) 	08/25/25 	_x86_64_	(40 CPU)

08:49:00        CPU     %user     %nice   %system   %iowait    %steal     %idle
08:49:01        all     16.83      0.00     16.83      0.00      0.00     66.34
08:49:02        all     37.76      0.00     12.24      0.00      0.00     50.00
08:49:03        all     24.00      0.00     10.00      0.00      0.00     66.00
08:49:04        all     27.72      0.00     12.87      0.00      0.00     59.41
08:49:05        all     27.08      0.00     16.67      0.00      0.00     56.25
08:49:06        all     26.26      0.00     13.13      0.00      0.00     60.61
08:49:07        all     27.27      0.00     16.16      0.00      0.00     56.57
08:49:08        all     23.00      0.00     16.00      0.00      0.00     61.00
08:49:09        all     28.28      0.00     13.13      0.00      0.00     58.59
08:49:10        all     30.30      0.00     12.12      0.00      0.00     57.58
08:49:11        all     32.00      0.00     13.00      0.00      0.00     55.00
08:49:12        all     32.67      0.00     12.87      0.00      0.00     54.46
08:49:13        all     36.00      0.00      9.00      0.00      0.00     55.00
08:49:14        all     31.00      0.00     16.00      0.00      0.00     53.00
08:49:15        all     34.65      0.00     12.87      0.00      0.00     52.48
08:49:16        all     35.00      0.00     15.00      0.00      0.00     50.00
08:49:17        all     39.39      0.00     11.11      0.00      0.00     49.49
08:49:18        all     35.64      0.00     14.85      0.00      0.00     49.50
08:49:19        all     36.89      0.00     16.50      0.00      0.00     46.60
08:49:20        all     40.00      0.00     14.00      0.00      0.00     46.00
08:49:21        all     39.00      0.00     16.00      0.00      0.00     45.00
08:49:22        all     39.39      0.00     14.14      0.00      0.00     46.46
08:49:23        all     12.12      0.00      5.05      0.00      0.00     82.83
08:49:24        all     12.90      0.00      7.53      0.00      0.00     79.57
08:49:25        all      5.56      0.00      8.89      0.00      0.00     85.56
08:49:26        all      3.19      0.00      2.13      0.00      0.00     94.68
08:49:27        all      7.07      0.00      4.04      0.00      0.00     88.89
08:49:28        all     64.65      0.00     22.22      0.00      0.00     13.13
08:49:29        all     65.31      0.00     15.31      0.00      0.00     19.39
08:49:30        all     77.00      0.00     18.00      0.00      0.00      5.00
08:49:31        all     87.00      0.00     13.00      0.00      0.00      0.00
08:49:32        all     85.00      0.00     15.00      0.00      0.00      0.00
08:49:33        all     91.00      0.00      9.00      0.00      0.00      0.00
08:49:34        all     92.00      0.00      8.00      0.00      0.00      0.00
08:49:35        all     96.00      0.00      4.00      0.00      0.00      0.00
08:49:36        all     89.00      0.00     11.00      0.00      0.00      0.00
08:49:37        all     50.00      0.00     21.00      0.00      0.00     29.00
08:49:38        all      0.00      0.00      0.00      0.00      0.00    100.00
08:49:39        all      5.00      0.00      2.00      0.00      0.00     93.00
08:49:40        all      6.00      0.00      2.00      0.00      0.00     92.00
Average:        all     38.92      0.00     11.85      0.00      0.00     49.23
