Linux 5.15.0-131-generic (is.magic-number.odbjtomcatpefs-pg0.wisc.cloudlab.us) 	08/25/25 	_x86_64_	(40 CPU)

08:30:00        CPU     %user     %nice   %system   %iowait    %steal     %idle
08:30:01        all     79.80      0.00     10.10      0.00      0.00     10.10
08:30:02        all     32.00      0.00     11.00      0.00      0.00     57.00
08:30:03        all     31.68      0.00     14.85      0.00      0.00     53.47
08:30:04        all     73.74      0.00     12.12      0.00      0.00     14.14
08:30:05        all     40.82      0.00     10.20      0.00      0.00     48.98
08:30:06        all     40.40      0.00     13.13      0.00      0.00     46.46
08:30:07        all     34.34      0.00     13.13      0.00      0.00     52.53
08:30:08        all     33.00      0.00     13.00      0.00      0.00     54.00
08:30:09        all     33.66      0.00     17.82      0.00      0.00     48.51
08:30:10        all     39.39      0.00     12.12      0.00      0.00     48.48
08:30:11        all     33.33      0.00     14.14      0.00      0.00     52.53
08:30:12        all     35.35      0.00     14.14      0.00      0.00     50.51
08:30:13        all     40.40      0.00     13.13      0.00      0.00     46.46
08:30:14        all     38.38      0.00     11.11      0.00      0.00     50.51
08:30:15        all     33.67      0.00     16.33      0.00      0.00     50.00
08:30:16        all     69.31      0.00     27.72      0.00      0.00      2.97
08:30:17        all     87.13      0.00     12.87      0.00      0.00      0.00
08:30:18        all     84.85      0.00     15.15      0.00      0.00      0.00
08:30:19        all     60.40      0.00     28.71      0.00      0.00     10.89
08:30:20        all     57.58      0.00     29.29      0.00      0.00     13.13
08:30:21        all     59.80      0.00     21.57      0.00      0.00     18.63
08:30:22        all     28.00      0.00     20.00      0.00      0.00     52.00
08:30:23        all     16.30      0.00      8.70      0.00      0.00     75.00
08:30:24        all     29.35      0.00      4.35      0.00      0.00     66.30
08:30:25        all      8.89      0.00      3.33      0.00      0.00     87.78
08:30:26        all      2.02      0.00      3.03      0.00      0.00     94.95
08:30:27        all     55.56      0.00     23.23      0.00      0.00     21.21
08:30:28        all     71.72      0.00     22.22      0.00      0.00      6.06
08:30:29        all     66.00      0.00     22.00      0.00      0.00     12.00
08:30:30        all     61.00      0.00     26.00      0.00      0.00     13.00
08:30:31        all     50.52      0.00     11.34      0.00      0.00     38.14
08:30:32        all     36.36      0.00     13.13      0.00      0.00     50.51
08:30:33        all     39.18      0.00     12.37      0.00      0.00     48.45
08:30:34        all     45.92      0.00      6.12      0.00      0.00     47.96
08:30:35        all     41.41      0.00     11.11      0.00      0.00     47.47
08:30:36        all     11.22      0.00      3.06      0.00      0.00     85.71
08:30:37        all      0.00      0.00      0.00      0.00      0.00    100.00
08:30:38        all      0.00      0.00      0.00      0.00      0.00    100.00
08:30:39        all      6.06      0.00      3.03      0.00      0.00     90.91
08:30:40        all      8.25      0.00      4.12      0.00      0.00     87.63
Average:        all     40.69      0.00     13.32      0.00      0.00     45.99
