Linux 5.15.0-131-generic (be.magic-number.odbjtomcatpefs-pg0.wisc.cloudlab.us) 	08/25/25 	_x86_64_	(40 CPU)

08:10:00        CPU     %user     %nice   %system   %iowait    %steal     %idle
08:10:01        all     46.46      0.00      8.08      0.00      0.00     45.45
08:10:02        all     63.92      0.00      8.25      0.00      0.00     27.84
08:10:03        all     68.00      0.00     12.00      0.00      0.00     20.00
08:10:04        all     54.55      0.00     15.15      0.00      0.00     30.30
08:10:05        all     55.67      0.00     11.34      0.00      0.00     32.99
08:10:06        all     45.36      0.00     15.46      0.00      0.00     39.18
08:10:07        all     43.88      0.00     13.27      0.00      0.00     42.86
08:10:08        all     56.70      0.00     15.46      0.00      0.00     27.84
08:10:09        all     48.48      0.00     16.16      0.00      0.00     35.35
08:10:10        all     44.90      0.00     13.27      0.00      0.00     41.84
08:10:11        all     42.55      0.00     12.77      0.00      0.00     44.68
08:10:12        all     40.43      0.00     14.89      0.00      0.00     44.68
08:10:13        all     61.54      0.00     12.09      0.00      0.00     26.37
08:10:14        all     51.04      0.00     18.75      0.00      0.00     30.21
08:10:15        all     42.39      0.00     19.57      0.00      0.00     38.04
08:10:16        all     41.67      0.00     10.42      0.00      0.00     47.92
08:10:17        all      1.00      0.00      2.00      0.00      0.00     97.00
08:10:18        all      8.91      0.00      2.97      0.00      0.00     88.12
08:10:19        all     47.96      0.00      7.14      0.00      0.00     44.90
08:10:20        all     40.86      0.00     18.28      0.00      0.00     40.86
08:10:21        all     45.83      0.00     13.54      0.00      0.00     40.62
08:10:22        all     50.00      0.00     20.00      0.00      0.00     30.00
08:10:23        all     45.26      0.00     18.95      0.00      0.00     35.79
08:10:24        all     23.91      0.00     14.13      0.00      0.00     61.96
08:10:25        all     33.33      0.00     10.10      0.00      0.00     56.57
08:10:26        all     15.22      0.00     10.87      0.00      0.00     73.91
08:10:27        all     29.47      0.00      5.26      0.00      0.00     65.26
08:10:28        all     28.57      0.00      9.89      0.00      0.00     61.54
08:10:29        all     42.27      0.00     14.43      0.00      0.00     43.30
08:10:30        all     21.98      0.00     17.58      0.00      0.00     60.44
08:10:31        all     38.54      0.00     12.50      0.00      0.00     48.96
08:10:32        all      9.38      0.00      9.38      0.00      0.00     81.25
08:10:33        all      4.76      0.00      5.95      0.00      0.00     89.29
08:10:34        all      4.44      0.00      8.89      0.00      0.00     86.67
08:10:35        all      0.00      0.00      0.00      0.00      0.00    100.00
08:10:36        all      4.04      0.00      3.03      0.00      0.00     92.93
08:10:37        all      0.00      0.00      1.00      0.00      0.00     99.00
08:10:38        all      0.00      0.00      0.00      0.00      0.00    100.00
08:10:39        all      0.99      0.00      0.99      0.00      0.00     98.02
08:10:40        all      0.00      0.00      0.00      0.00      0.00    100.00
Average:        all     32.61      0.00     10.52      0.00      0.00     56.86
