Linux 5.15.0-131-generic (be.magic-number.odbjtomcatpefs-pg0.wisc.cloudlab.us) 	08/25/25 	_x86_64_	(40 CPU)

08:32:00        CPU     %user     %nice   %system   %iowait    %steal     %idle
08:32:01        all     32.63      0.00      7.37      0.00      0.00     60.00
08:32:02        all     11.83      0.00     10.75      0.00      0.00     77.42
08:32:03        all     23.16      0.00      8.42      0.00      0.00     68.42
08:32:04        all     31.58      0.00     11.58      0.00      0.00     56.84
08:32:05        all     15.22      0.00     11.96      0.00      0.00     72.83
08:32:06        all     13.68      0.00     16.84      0.00      0.00     69.47
08:32:07        all     12.77      0.00     12.77      0.00      0.00     74.47
08:32:08        all     11.96      0.00      9.78      0.00      0.00     78.26
08:32:09        all      6.32      0.00      6.32      0.00      0.00     87.37
08:32:10        all      6.38      0.00      3.19      0.00      0.00     90.43
08:32:11        all      3.33      0.00      5.56      0.00      0.00     91.11
08:32:12        all      3.16      0.00      1.05      0.00      0.00     95.79
08:32:13        all      8.89      0.00     12.22      0.00      0.00     78.89
08:32:14        all     13.64      0.00     22.73      0.00      0.00     63.64
08:32:15        all     36.36      0.00     27.27      0.00      0.00     36.36
08:32:16        all     15.05      0.00     18.28      0.00      0.00     66.67
08:32:17        all     22.34      0.00     11.70      0.00      0.00     65.96
08:32:18        all     17.39      0.00      9.78      0.00      0.00     72.83
08:32:19        all     11.96      0.00      9.78      0.00      0.00     78.26
08:32:20        all     10.87      0.00     13.04      0.00      0.00     76.09
08:32:21        all     17.35      0.00     15.31      0.00      0.00     67.35
08:32:22        all     10.87      0.00     14.13      0.00      0.00     75.00
08:32:23        all     12.09      0.00     10.99      0.00      0.00     76.92
08:32:24        all     12.50      0.00     12.50      0.00      0.00     75.00
08:32:25        all     15.05      0.00     11.83      0.00      0.00     73.12
08:32:26        all     47.00      0.00     10.00      0.00      0.00     43.00
08:32:27        all      8.70      0.00     11.96      0.00      0.00     79.35
08:32:28        all      7.53      0.00     15.05      0.00      0.00     77.42
08:32:29        all     13.27      0.00     11.22      1.02      0.00     74.49
08:32:30        all     10.87      0.00     10.87      0.00      0.00     78.26
08:32:31        all     26.32      0.00     12.63      0.00      0.00     61.05
08:32:32        all      8.70      0.00     13.04      0.00      0.00     78.26
08:32:33        all      7.37      0.00      9.47      0.00      0.00     83.16
08:32:34        all      2.97      0.00      1.98      0.00      0.00     95.05
08:32:35        all      2.02      0.00      1.01      0.00      0.00     96.97
08:32:36        all      0.00      0.00      1.00      0.00      0.00     99.00
08:32:37        all      1.01      0.00      2.02      0.00      0.00     96.97
08:32:38        all      1.01      0.00      1.01      0.00      0.00     97.98
08:32:39        all      4.08      0.00      2.04      0.00      0.00     93.88
08:32:40        all      0.00      0.00      2.02      0.00      0.00     97.98
Average:        all     12.87      0.00      9.88      0.03      0.00     77.22
