Linux 5.15.0-131-generic (is.magic-number.odbjtomcatpefs-pg0.wisc.cloudlab.us) 	08/25/25 	_x86_64_	(40 CPU)

08:34:00        CPU     %user     %nice   %system   %iowait    %steal     %idle
08:34:01        all     28.28      0.00     16.16      0.00      0.00     55.56
08:34:02        all     27.27      0.00     17.17      0.00      0.00     55.56
08:34:03        all     30.39      0.00     15.69      0.00      0.00     53.92
08:34:04        all     30.61      0.00     16.33      0.00      0.00     53.06
08:34:05        all     70.30      0.00     14.85      0.00      0.00     14.85
08:34:06        all     76.24      0.00     18.81      0.00      0.00      4.95
08:34:07        all     81.82      0.00     17.17      0.00      0.00      1.01
08:34:08        all     40.40      0.00     17.17      0.00      0.00     42.42
08:34:09        all     23.30      0.00     16.50      0.00      0.00     60.19
08:34:10        all     30.30      0.00     13.13      0.00      0.00     56.57
08:34:11        all     29.00      0.00     13.00      0.00      0.00     58.00
08:34:12        all     29.90      0.00     10.31      0.00      0.00     59.79
08:34:13        all     29.29      0.00     14.14      0.00      0.00     56.57
08:34:14        all     31.68      0.00     12.87      0.00      0.00     55.45
08:34:15        all     30.00      0.00     15.00      0.00      0.00     55.00
08:34:16        all     36.00      0.00     11.00      0.00      0.00     53.00
08:34:17        all     33.33      0.00     13.13      0.00      0.00     53.54
08:34:18        all     35.42      0.00     11.46      0.00      0.00     53.12
08:34:19        all     40.59      0.00     12.87      0.00      0.00     46.53
08:34:20        all     42.57      0.00     10.89      0.00      0.00     46.53
08:34:21        all     37.00      0.00     15.00      0.00      0.00     48.00
08:34:22        all     42.42      0.00     12.12      0.00      0.00     45.45
08:34:23        all     15.62      0.00      6.25      0.00      0.00     78.12
08:34:24        all      4.76      0.00      4.76      0.00      0.00     90.48
08:34:25        all      3.53      0.00      5.88      0.00      0.00     90.59
08:34:26        all      1.09      0.00      1.09      0.00      0.00     97.83
08:34:27        all      5.10      0.00      1.02      0.00      0.00     93.88
08:34:28        all     66.67      0.00     18.18      0.00      0.00     15.15
08:34:29        all     65.00      0.00     23.00      0.00      0.00     12.00
08:34:30        all     70.71      0.00     24.24      0.00      0.00      5.05
08:34:31        all     69.70      0.00     23.23      0.00      0.00      7.07
08:34:32        all     84.69      0.00     15.31      0.00      0.00      0.00
08:34:33        all     65.35      0.00     19.80      0.00      0.00     14.85
08:34:34        all     48.48      0.00     14.14      0.00      0.00     37.37
08:34:35        all     48.98      0.00     14.29      0.00      0.00     36.73
08:34:36        all     13.40      0.00      3.09      0.00      0.00     83.51
08:34:37        all      2.06      0.00      4.12      0.00      0.00     93.81
08:34:38        all      2.08      0.00      0.00      0.00      0.00     97.92
08:34:39        all      2.06      0.00      2.06      0.00      0.00     95.88
08:34:40        all      2.08      0.00      1.04      0.00      0.00     96.88
Average:        all     36.14      0.00     12.54      0.00      0.00     51.33
