Linux 5.15.0-131-generic (fe.magic-number.odbjtomcatpefs-pg0.wisc.cloudlab.us) 	08/25/25 	_x86_64_	(40 CPU)

08:12:00        CPU     %user     %nice   %system   %iowait    %steal     %idle
08:12:01        all     36.04      0.00     27.03      0.00      0.00     36.94
08:12:02        all     37.86      0.00     23.30      0.00      0.00     38.83
08:12:03        all     27.52      0.00     27.52      0.00      0.00     44.95
08:12:04        all     29.63      0.00     29.63      0.00      0.00     40.74
08:12:05        all     26.13      0.00     27.03      0.00      0.00     46.85
08:12:06        all     35.85      0.00     31.13      0.00      0.00     33.02
08:12:07        all     37.38      0.00     26.17      0.00      0.00     36.45
08:12:08        all     44.14      0.00     24.32      0.00      0.00     31.53
08:12:09        all     86.87      0.00     13.13      0.00      0.00      0.00
08:12:10        all     67.65      0.00     24.51      0.00      0.00      7.84
08:12:11        all     55.45      0.00     38.61      0.00      0.00      5.94
08:12:12        all     34.58      0.00     28.04      0.00      0.00     37.38
08:12:13        all     21.30      0.00     28.70      0.00      0.00     50.00
08:12:14        all     28.83      0.00     31.53      0.00      0.00     39.64
08:12:15        all     30.91      0.00     26.36      0.00      0.00     42.73
08:12:16        all     28.07      0.00     30.70      0.00      0.00     41.23
08:12:17        all     30.09      0.00     30.97      0.00      0.00     38.94
08:12:18        all     32.73      0.00     26.36      0.00      0.00     40.91
08:12:19        all     33.33      0.00     29.82      0.00      0.00     36.84
08:12:20        all     33.63      0.00     29.20      0.00      0.00     37.17
08:12:21        all     31.03      0.00     31.90      0.00      0.00     37.07
08:12:22        all     33.64      0.00     29.09      0.00      0.00     37.27
08:12:23        all     31.13      0.00     21.70      0.00      0.00     47.17
08:12:24        all     36.84      0.00     34.21      0.00      0.00     28.95
08:12:25        all     29.46      0.00     22.32      0.00      0.00     48.21
08:12:26        all      7.07      0.00      3.03      0.00      0.00     89.90
08:12:27        all      0.00      0.00      1.02      0.00      0.00     98.98
08:12:28        all      0.00      0.00      0.00      0.00      0.00    100.00
08:12:29        all      0.00      0.00      2.04      0.00      0.00     97.96
08:12:30        all      1.02      0.00      0.00      0.00      0.00     98.98
08:12:31        all      9.09      0.00     13.13      0.00      0.00     77.78
08:12:32        all     59.41      0.00     39.60      0.00      0.00      0.99
08:12:33        all     48.54      0.00     26.21      0.00      0.00     25.24
08:12:34        all     62.00      0.00     36.00      0.00      0.00      2.00
08:12:35        all     53.47      0.00     39.60      0.00      0.00      6.93
08:12:36        all      4.81      0.00      7.69      0.00      0.00     87.50
08:12:37        all      3.03      0.00      3.03      0.00      0.00     93.94
08:12:38        all      4.04      0.00      3.03      0.00      0.00     92.93
08:12:39        all      0.00      0.00      4.04      0.00      0.00     95.96
08:12:40        all      3.03      0.00      2.02      0.00      0.00     94.95
Average:        all     29.64      0.00     22.27      0.00      0.00     48.08
