Linux 5.15.0-131-generic (is.magic-number.odbjtomcatpefs-pg0.wisc.cloudlab.us) 	08/25/25 	_x86_64_	(40 CPU)

08:12:00        CPU     %user     %nice   %system   %iowait    %steal     %idle
08:12:01        all     31.00      0.00     16.00      0.00      0.00     53.00
08:12:02        all     48.00      0.00     12.00      0.00      0.00     40.00
08:12:03        all     59.18      0.00      9.18      0.00      0.00     31.63
08:12:04        all     23.76      0.00     19.80      0.00      0.00     56.44
08:12:05        all     71.29      0.00     10.89      0.00      0.00     17.82
08:12:06        all     72.00      0.00     18.00      0.00      0.00     10.00
08:12:07        all     67.96      0.00     12.62      0.00      0.00     19.42
08:12:08        all     47.96      0.00     13.27      0.00      0.00     38.78
08:12:09        all      8.70      0.00      3.26      0.00      0.00     88.04
08:12:10        all     24.47      0.00     22.34      0.00      0.00     53.19
08:12:11        all     50.53      0.00     23.16      0.00      0.00     26.32
08:12:12        all     47.00      0.00     22.00      0.00      0.00     31.00
08:12:13        all     75.00      0.00     10.00      0.00      0.00     15.00
08:12:14        all     40.59      0.00     14.85      0.00      0.00     44.55
08:12:15        all     35.00      0.00     14.00      0.00      0.00     51.00
08:12:16        all     36.73      0.00     14.29      0.00      0.00     48.98
08:12:17        all     34.65      0.00     14.85      0.00      0.00     50.50
08:12:18        all     60.20      0.00     16.33      0.00      0.00     23.47
08:12:19        all     41.58      0.00      9.90      0.00      0.00     48.51
08:12:20        all     38.00      0.00     15.00      0.00      0.00     47.00
08:12:21        all     40.40      0.00     13.13      0.00      0.00     46.46
08:12:22        all     50.51      0.00     16.16      0.00      0.00     33.33
08:12:23        all     69.31      0.00     17.82      0.00      0.00     12.87
08:12:24        all     50.00      0.00     18.00      0.00      0.00     32.00
08:12:25        all     65.31      0.00     12.24      0.00      0.00     22.45
08:12:26        all     70.30      0.00     29.70      0.00      0.00      0.00
08:12:27        all     87.00      0.00     13.00      0.00      0.00      0.00
08:12:28        all     89.00      0.00     11.00      0.00      0.00      0.00
08:12:29        all     92.00      0.00      8.00      0.00      0.00      0.00
08:12:30        all     91.00      0.00      9.00      0.00      0.00      0.00
08:12:31        all     73.74      0.00     22.22      0.00      0.00      4.04
08:12:32        all     52.94      0.00     35.29      0.00      0.00     11.76
08:12:33        all     81.82      0.00     13.13      0.00      0.00      5.05
08:12:34        all     63.37      0.00     28.71      0.00      0.00      7.92
08:12:35        all     66.67      0.00     25.25      0.00      0.00      8.08
08:12:36        all     18.00      0.00      2.00      0.00      0.00     80.00
08:12:37        all      2.02      0.00      2.02      0.00      0.00     95.96
08:12:38        all      0.00      0.00      2.06      0.00      0.00     97.94
08:12:39        all      1.01      0.00      1.01      0.00      0.00     97.98
08:12:40        all      1.02      0.00      1.02      0.00      0.00     97.96
Average:        all     49.67      0.00     14.35      0.00      0.00     35.98
