Linux 5.15.0-131-generic (be.magic-number.odbjtomcatpefs-pg0.wisc.cloudlab.us) 	08/25/25 	_x86_64_	(40 CPU)

08:45:00        CPU     %user     %nice   %system   %iowait    %steal     %idle
08:45:01        all     22.68      0.00     11.34      0.00      0.00     65.98
08:45:02        all     12.77      0.00     12.77      0.00      0.00     74.47
08:45:03        all     10.75      0.00     12.90      0.00      0.00     76.34
08:45:04        all     44.90      0.00     12.24      0.00      0.00     42.86
08:45:05        all     16.84      0.00     12.63      2.11      0.00     68.42
08:45:06        all      8.70      0.00     10.87      0.00      0.00     80.43
08:45:07        all     16.30      0.00     16.30      0.00      0.00     67.39
08:45:08        all     10.75      0.00      9.68      0.00      0.00     79.57
08:45:09        all     14.58      0.00     17.71      0.00      0.00     67.71
08:45:10        all     13.19      0.00     10.99      0.00      0.00     75.82
08:45:11        all     11.83      0.00     11.83      0.00      0.00     76.34
08:45:12        all     14.74      0.00     12.63      0.00      0.00     72.63
08:45:13        all     11.11      0.00     14.44      0.00      0.00     74.44
08:45:14        all     13.33      0.00     10.00      0.00      0.00     76.67
08:45:15        all     20.00      0.00     11.58      0.00      0.00     68.42
08:45:16        all     19.78      0.00     12.09      0.00      0.00     68.13
08:45:17        all      9.09      0.00     12.50      0.00      0.00     78.41
08:45:18        all     10.75      0.00     13.98      0.00      0.00     75.27
08:45:19        all     11.58      0.00     16.84      0.00      0.00     71.58
08:45:20        all      6.90      0.00     14.94      0.00      0.00     78.16
08:45:21        all     12.77      0.00     15.96      0.00      0.00     71.28
08:45:22        all     13.19      0.00     14.29      0.00      0.00     72.53
08:45:23        all     15.22      0.00      9.78      0.00      0.00     75.00
08:45:24        all     11.11      0.00     13.33      0.00      0.00     75.56
08:45:25        all     12.09      0.00      9.89      0.00      0.00     78.02
08:45:26        all      3.03      0.00      3.03      0.00      0.00     93.94
08:45:27        all      1.00      0.00      1.00      0.00      0.00     98.00
08:45:28        all      1.01      0.00      0.00      0.00      0.00     98.99
08:45:29        all     21.21      0.00      7.07      0.00      0.00     71.72
08:45:30        all     30.34      0.00     22.47      0.00      0.00     47.19
08:45:31        all     15.31      0.00     16.33      0.00      0.00     68.37
08:45:32        all     26.32      0.00      5.26      0.00      0.00     68.42
08:45:33        all      3.49      0.00      2.33      0.00      0.00     94.19
08:45:34        all      1.10      0.00      1.10      0.00      0.00     97.80
08:45:35        all      0.00      0.00      0.00      1.00      0.00     99.00
08:45:36        all      0.00      0.00      0.99      0.00      0.00     99.01
08:45:37        all      1.02      0.00      1.02      0.00      0.00     97.96
08:45:38        all      0.00      0.00      0.00      0.00      0.00    100.00
08:45:39        all      1.02      0.00      2.04      0.00      0.00     96.94
08:45:40        all      0.00      0.00      0.00      0.00      0.00    100.00
Average:        all     11.67      0.00      9.47      0.08      0.00     78.77
