Linux 5.15.0-131-generic (fe.magic-number.odbjtomcatpefs-pg0.wisc.cloudlab.us) 	08/25/25 	_x86_64_	(40 CPU)

08:30:00        CPU     %user     %nice   %system   %iowait    %steal     %idle
08:30:01        all     21.78      0.00     23.76      0.00      0.00     54.46
08:30:02        all     25.69      0.00     24.77      0.00      0.00     49.54
08:30:03        all     26.61      0.00     25.69      0.00      0.00     47.71
08:30:04        all     25.45      0.00     25.45      0.00      0.00     49.09
08:30:05        all     28.70      0.00     25.93      0.00      0.00     45.37
08:30:06        all     30.63      0.00     25.23      0.00      0.00     44.14
08:30:07        all     36.36      0.00     21.82      0.00      0.00     41.82
08:30:08        all     30.36      0.00     28.57      0.00      0.00     41.07
08:30:09        all     33.33      0.00     25.93      0.00      0.00     40.74
08:30:10        all     33.93      0.00     27.68      0.00      0.00     38.39
08:30:11        all     38.18      0.00     21.82      0.00      0.00     40.00
08:30:12        all     36.04      0.00     27.03      0.00      0.00     36.94
08:30:13        all     36.04      0.00     27.03      0.00      0.00     36.94
08:30:14        all     36.61      0.00     29.46      0.00      0.00     33.93
08:30:15        all     39.13      0.00     26.09      0.00      0.00     34.78
08:30:16        all     11.22      0.00      4.08      0.00      0.00     84.69
08:30:17        all      0.00      0.00      0.00      0.00      0.00    100.00
08:30:18        all      2.00      0.00      4.00      0.00      0.00     94.00
08:30:19        all     38.38      0.00     24.24      0.00      0.00     37.37
08:30:20        all     69.00      0.00     31.00      0.00      0.00      0.00
08:30:21        all     60.78      0.00     26.47      0.00      0.00     12.75
08:30:22        all     41.90      0.00     28.57      0.00      0.00     29.52
08:30:23        all     88.24      0.00     10.78      0.00      0.00      0.98
08:30:24        all     90.91      0.00      9.09      0.00      0.00      0.00
08:30:25        all     93.00      0.00      7.00      0.00      0.00      0.00
08:30:26        all     66.00      0.00     34.00      0.00      0.00      0.00
08:30:27        all     36.36      0.00     44.44      0.00      0.00     19.19
08:30:28        all     34.65      0.00     34.65      0.00      0.00     30.69
08:30:29        all     40.00      0.00     35.00      0.00      0.00     25.00
08:30:30        all     43.00      0.00     38.00      0.00      0.00     19.00
08:30:31        all     31.78      0.00     24.30      0.00      0.00     43.93
08:30:32        all     31.19      0.00     30.28      0.00      0.00     38.53
08:30:33        all     31.78      0.00     28.97      0.00      0.00     39.25
08:30:34        all     35.51      0.00     26.17      0.00      0.00     38.32
08:30:35        all     30.00      0.00     32.73      0.00      0.00     37.27
08:30:36        all      7.07      0.00      8.08      0.00      0.00     84.85
08:30:37        all      1.00      0.00      1.00      0.00      0.00     98.00
08:30:38        all      0.00      0.00      0.00      0.00      0.00    100.00
08:30:39        all      0.00      0.00      1.02      0.00      0.00     98.98
08:30:40        all      0.00      0.00      1.01      0.00      0.00     98.99
Average:        all     34.12      0.00     22.05      0.00      0.00     43.82
