Linux 5.15.0-131-generic (be.magic-number.odbjtomcatpefs-pg0.wisc.cloudlab.us) 	08/25/25 	_x86_64_	(40 CPU)

08:49:00        CPU     %user     %nice   %system   %iowait    %steal     %idle
08:49:01        all     11.70      0.00     12.77      0.00      0.00     75.53
08:49:02        all      9.57      0.00     14.89      0.00      0.00     75.53
08:49:03        all     10.42      0.00     13.54      0.00      0.00     76.04
08:49:04        all      9.38      0.00     13.54      0.00      0.00     77.08
08:49:05        all     11.58      0.00     15.79      0.00      0.00     72.63
08:49:06        all     14.43      0.00     13.40      0.00      0.00     72.16
08:49:07        all     18.09      0.00     12.77      0.00      0.00     69.15
08:49:08        all      8.60      0.00     16.13      0.00      0.00     75.27
08:49:09        all     10.75      0.00     12.90      0.00      0.00     76.34
08:49:10        all     12.50      0.00     17.71      0.00      0.00     69.79
08:49:11        all     13.54      0.00     13.54      0.00      0.00     72.92
08:49:12        all      7.61      0.00     15.22      0.00      0.00     77.17
08:49:13        all     12.09      0.00     10.99      0.00      0.00     76.92
08:49:14        all      8.70      0.00     15.22      0.00      0.00     76.09
08:49:15        all     10.75      0.00     18.28      0.00      0.00     70.97
08:49:16        all     10.64      0.00     17.02      0.00      0.00     72.34
08:49:17        all     10.87      0.00     14.13      0.00      0.00     75.00
08:49:18        all     10.99      0.00     14.29      0.00      0.00     74.73
08:49:19        all      8.99      0.00     13.48      0.00      0.00     77.53
08:49:20        all     13.33      0.00     11.11      0.00      0.00     75.56
08:49:21        all     12.90      0.00     18.28      0.00      0.00     68.82
08:49:22        all     13.19      0.00     17.58      0.00      0.00     69.23
08:49:23        all      2.02      0.00      6.06      0.00      0.00     91.92
08:49:24        all      0.00      0.00      2.02      0.00      0.00     97.98
08:49:25        all      1.98      0.00      1.98      0.00      0.00     96.04
08:49:26        all      0.00      0.00      1.01      0.00      0.00     98.99
08:49:27        all      2.02      0.00      4.04      0.00      0.00     93.94
08:49:28        all     24.47      0.00     28.72      0.00      0.00     46.81
08:49:29        all     20.22      0.00     22.47      0.00      0.00     57.30
08:49:30        all     14.13      0.00     22.83      0.00      0.00     63.04
08:49:31        all      5.56      0.00      5.56      1.11      0.00     87.78
08:49:32        all      6.74      0.00      2.25      0.00      0.00     91.01
08:49:33        all      2.17      0.00      2.17      0.00      0.00     95.65
08:49:34        all      0.00      0.00      0.00      0.00      0.00    100.00
08:49:35        all      0.99      0.00      0.00      0.00      0.00     99.01
08:49:36        all      0.00      0.00      0.00      0.00      0.00    100.00
08:49:37        all      2.06      0.00      2.06      0.00      0.00     95.88
08:49:38        all      0.00      0.00      0.00      0.00      0.00    100.00
08:49:39        all      0.00      0.00      0.00      0.00      0.00    100.00
08:49:40        all      0.00      0.00      0.00      0.00      0.00    100.00
Average:        all      8.18      0.00     10.42      0.03      0.00     81.37
