Linux 5.15.0-131-generic (is.magic-number.odbjtomcatpefs-pg0.wisc.cloudlab.us) 	08/25/25 	_x86_64_	(40 CPU)

08:14:00        CPU     %user     %nice   %system   %iowait    %steal     %idle
08:14:01        all     23.00      0.00     16.00      0.00      0.00     61.00
08:14:02        all     23.76      0.00     14.85      0.00      0.00     61.39
08:14:03        all     25.49      0.00     15.69      0.00      0.00     58.82
08:14:04        all     27.00      0.00     15.00      0.00      0.00     58.00
08:14:05        all     42.00      0.00     14.00      0.00      0.00     44.00
08:14:06        all     92.93      0.00      7.07      0.00      0.00      0.00
08:14:07        all     64.71      0.00     13.73      0.00      0.00     21.57
08:14:08        all     33.33      0.00     13.13      0.00      0.00     53.54
08:14:09        all     30.39      0.00     17.65      0.00      0.00     51.96
08:14:10        all     42.00      0.00     17.00      0.00      0.00     41.00
08:14:11        all     39.00      0.00     15.00      0.00      0.00     46.00
08:14:12        all     38.00      0.00     16.00      0.00      0.00     46.00
08:14:13        all     39.00      0.00     15.00      0.00      0.00     46.00
08:14:14        all     40.59      0.00     11.88      0.00      0.00     47.52
08:14:15        all     39.80      0.00     12.24      0.00      0.00     47.96
08:14:16        all     88.89      0.00     10.10      0.00      0.00      1.01
08:14:17        all     70.00      0.00     13.00      0.00      0.00     17.00
08:14:18        all     40.59      0.00     14.85      0.00      0.00     44.55
08:14:19        all     39.80      0.00     16.33      0.00      0.00     43.88
08:14:20        all     59.41      0.00     15.84      0.00      0.00     24.75
08:14:21        all     79.00      0.00     21.00      0.00      0.00      0.00
08:14:22        all     86.00      0.00     14.00      0.00      0.00      0.00
08:14:23        all     92.00      0.00      8.00      0.00      0.00      0.00
08:14:24        all     91.00      0.00      9.00      0.00      0.00      0.00
08:14:25        all     78.79      0.00     21.21      0.00      0.00      0.00
08:14:26        all     61.39      0.00     27.72      0.00      0.00     10.89
08:14:27        all     57.58      0.00     32.32      0.00      0.00     10.10
08:14:28        all     10.68      0.00      6.80      0.00      0.00     82.52
08:14:29        all      7.37      0.00      8.42      0.00      0.00     84.21
08:14:30        all      6.82      0.00      6.82      0.00      0.00     86.36
08:14:31        all      1.00      0.00      1.00      0.00      0.00     98.00
08:14:32        all      0.00      0.00      0.00      0.00      0.00    100.00
08:14:33        all      0.00      0.00      0.00      0.00      0.00    100.00
08:14:34        all      0.00      0.00      0.00      0.00      0.00    100.00
08:14:35        all      0.00      0.00      0.00      0.00      0.00    100.00
08:14:36        all      0.00      0.00      0.00      0.00      0.00    100.00
08:14:37        all      6.06      0.00      2.02      0.00      0.00     91.92
08:14:38        all      0.00      0.00      0.00      0.00      0.00    100.00
08:14:39        all      0.00      0.00      0.00      0.00      0.00    100.00
08:14:40        all      0.00      0.00      0.00      0.00      0.00    100.00
Average:        all     37.13      0.00     11.12      0.00      0.00     51.75
