Linux 5.15.0-131-generic (be.magic-number.odbjtomcatpefs-pg0.wisc.cloudlab.us) 	08/25/25 	_x86_64_	(40 CPU)

08:47:00        CPU     %user     %nice   %system   %iowait    %steal     %idle
08:47:01        all      9.47      0.00     14.74      0.00      0.00     75.79
08:47:02        all     23.71      0.00     13.40      0.00      0.00     62.89
08:47:03        all     19.35      0.00     11.83      0.00      0.00     68.82
08:47:04        all     14.89      0.00      9.57      0.00      0.00     75.53
08:47:05        all      9.68      0.00     13.98      0.00      0.00     76.34
08:47:06        all      9.89      0.00     13.19      0.00      0.00     76.92
08:47:07        all      9.89      0.00     14.29      0.00      0.00     75.82
08:47:08        all     20.43      0.00     11.83      0.00      0.00     67.74
08:47:09        all     10.87      0.00     13.04      0.00      0.00     76.09
08:47:10        all     12.09      0.00     12.09      0.00      0.00     75.82
08:47:11        all     11.83      0.00     12.90      0.00      0.00     75.27
08:47:12        all     10.99      0.00     13.19      0.00      0.00     75.82
08:47:13        all     13.19      0.00     10.99      0.00      0.00     75.82
08:47:14        all     12.90      0.00     13.98      0.00      0.00     73.12
08:47:15        all      1.06      0.00      2.13      0.00      0.00     96.81
08:47:16        all      3.03      0.00      4.04      0.00      0.00     92.93
08:47:17        all      2.02      0.00      3.03      0.00      0.00     94.95
08:47:18        all     17.98      0.00     24.72      0.00      0.00     57.30
08:47:19        all     25.00      0.00     23.91      0.00      0.00     51.09
08:47:20        all     20.93      0.00     26.74      0.00      0.00     52.33
08:47:21        all     12.36      0.00      8.99      0.00      0.00     78.65
08:47:22        all     12.22      0.00     13.33      0.00      0.00     74.44
08:47:23        all      8.51      0.00     19.15      0.00      0.00     72.34
08:47:24        all     13.19      0.00     12.09      0.00      0.00     74.73
08:47:25        all      7.95      0.00     13.64      0.00      0.00     78.41
08:47:26        all     10.75      0.00     11.83      0.00      0.00     77.42
08:47:27        all     14.13      0.00     16.30      0.00      0.00     69.57
08:47:28        all      9.78      0.00     16.30      0.00      0.00     73.91
08:47:29        all     14.29      0.00     14.29      0.00      0.00     71.43
08:47:30        all      0.99      0.00      0.99      0.00      0.00     98.02
08:47:31        all      2.04      0.00      0.00      0.00      0.00     97.96
08:47:32        all     14.44      0.00     16.67      0.00      0.00     68.89
08:47:33        all      0.00      0.00      0.00      0.00      0.00    100.00
08:47:34        all      0.00      0.00      0.00      0.00      0.00    100.00
08:47:35        all      0.00      0.00      1.00      0.00      0.00     99.00
08:47:36        all      0.00      0.00      0.00      0.00      0.00    100.00
08:47:37        all      0.00      0.00      0.00      0.00      0.00    100.00
08:47:38        all      0.00      0.00      0.99      0.00      0.00     99.01
08:47:39        all      3.09      0.00      1.03      0.00      0.00     95.88
08:47:40        all      0.00      0.00      0.00      0.00      0.00    100.00
Average:        all      9.36      0.00     10.00      0.00      0.00     80.64
