Linux 5.15.0-131-generic (fe.magic-number.odbjtomcatpefs-pg0.wisc.cloudlab.us) 	08/25/25 	_x86_64_	(40 CPU)

08:14:00        CPU     %user     %nice   %system   %iowait    %steal     %idle
08:14:01        all     22.43      0.00     26.17      0.00      0.00     51.40
08:14:02        all     21.30      0.00     28.70      0.00      0.00     50.00
08:14:03        all     24.11      0.00     29.46      0.00      0.00     46.43
08:14:04        all     27.93      0.00     25.23      0.00      0.00     46.85
08:14:05        all     27.93      0.00     24.32      0.00      0.00     47.75
08:14:06        all     27.36      0.00     27.36      0.00      0.00     45.28
08:14:07        all     32.73      0.00     31.82      0.00      0.00     35.45
08:14:08        all     26.55      0.00     32.74      0.00      0.00     40.71
08:14:09        all     33.63      0.00     25.66      0.00      0.00     40.71
08:14:10        all     31.03      0.00     31.03      0.00      0.00     37.93
08:14:11        all     32.74      0.00     28.32      0.00      0.00     38.94
08:14:12        all     32.46      0.00     30.70      0.00      0.00     36.84
08:14:13        all     35.71      0.00     27.68      0.00      0.00     36.61
08:14:14        all     36.61      0.00     26.79      0.00      0.00     36.61
08:14:15        all     40.35      0.00     27.19      0.00      0.00     32.46
08:14:16        all     32.41      0.00     25.00      0.00      0.00     42.59
08:14:17        all     36.04      0.00     34.23      0.00      0.00     29.73
08:14:18        all     40.52      0.00     28.45      0.00      0.00     31.03
08:14:19        all     36.21      0.00     34.48      0.00      0.00     29.31
08:14:20        all     31.82      0.00     19.09      0.00      0.00     49.09
08:14:21        all      2.00      0.00      5.00      0.00      0.00     93.00
08:14:22        all      0.00      0.00      0.00      0.00      0.00    100.00
08:14:23        all      0.00      0.00      0.00      0.00      0.00    100.00
08:14:24        all      9.90      0.00      4.95      0.00      0.00     85.15
08:14:25        all      8.00      0.00      5.00      0.00      0.00     87.00
08:14:26        all     59.41      0.00     35.64      0.00      0.00      4.95
08:14:27        all     62.38      0.00     37.62      0.00      0.00      0.00
08:14:28        all     86.87      0.00     13.13      0.00      0.00      0.00
08:14:29        all     77.23      0.00     22.77      0.00      0.00      0.00
08:14:30        all     89.90      0.00     10.10      0.00      0.00      0.00
08:14:31        all     98.00      0.00      2.00      0.00      0.00      0.00
08:14:32        all     94.00      0.00      6.00      0.00      0.00      0.00
08:14:33        all     91.00      0.00      9.00      0.00      0.00      0.00
08:14:34        all     97.00      0.00      3.00      0.00      0.00      0.00
08:14:35        all     99.00      0.00      1.00      0.00      0.00      0.00
08:14:36        all     94.00      0.00      6.00      0.00      0.00      0.00
08:14:37        all     14.42      0.00     24.04      0.00      0.00     61.54
08:14:38        all      0.00      0.00      0.00      0.00      0.00    100.00
08:14:39        all      0.00      0.00      0.99      0.00      0.00     99.01
08:14:40        all      6.06      0.00      2.02      0.00      0.00     91.92
Average:        all     40.05      0.00     19.40      0.00      0.00     40.55
