Linux 5.15.0-131-generic (is.magic-number.odbjtomcatpefs-pg0.wisc.cloudlab.us) 	08/25/25 	_x86_64_	(40 CPU)

08:10:00        CPU     %user     %nice   %system   %iowait    %steal     %idle
08:10:01        all     83.17      0.00      9.90      0.00      0.00      6.93
08:10:02        all     90.91      0.00      9.09      0.00      0.00      0.00
08:10:03        all     88.12      0.00     11.88      0.00      0.00      0.00
08:10:04        all     91.00      0.00      9.00      0.00      0.00      0.00
08:10:05        all     87.00      0.00     13.00      0.00      0.00      0.00
08:10:06        all     85.86      0.00     14.14      0.00      0.00      0.00
08:10:07        all     90.10      0.00      9.90      0.00      0.00      0.00
08:10:08        all     84.00      0.00     16.00      0.00      0.00      0.00
08:10:09        all     90.91      0.00      9.09      0.00      0.00      0.00
08:10:10        all     88.00      0.00     12.00      0.00      0.00      0.00
08:10:11        all     71.72      0.00     21.21      0.00      0.00      7.07
08:10:12        all     85.15      0.00     14.85      0.00      0.00      0.00
08:10:13        all     84.16      0.00     15.84      0.00      0.00      0.00
08:10:14        all     72.73      0.00     25.25      0.00      0.00      2.02
08:10:15        all     72.45      0.00     19.39      0.00      0.00      8.16
08:10:16        all     55.00      0.00     18.00      0.00      0.00     27.00
08:10:17        all     34.88      0.00      3.49      0.00      0.00     61.63
08:10:18        all     36.05      0.00      5.81      0.00      0.00     58.14
08:10:19        all     75.00      0.00     13.54      0.00      0.00     11.46
08:10:20        all     76.00      0.00     20.00      0.00      0.00      4.00
08:10:21        all     74.26      0.00     16.83      0.00      0.00      8.91
08:10:22        all     78.79      0.00     21.21      0.00      0.00      0.00
08:10:23        all     72.28      0.00     22.77      0.00      0.00      4.95
08:10:24        all     57.00      0.00     18.00      0.00      0.00     25.00
08:10:25        all     38.78      0.00     20.41      0.00      0.00     40.82
08:10:26        all     46.94      0.00     17.35      0.00      0.00     35.71
08:10:27        all     55.45      0.00     14.85      0.00      0.00     29.70
08:10:28        all     76.00      0.00     17.00      0.00      0.00      7.00
08:10:29        all     59.79      0.00     18.56      0.00      0.00     21.65
08:10:30        all     63.27      0.00     17.35      0.00      0.00     19.39
08:10:31        all     62.00      0.00     11.00      0.00      0.00     27.00
08:10:32        all     72.73      0.00     27.27      0.00      0.00      0.00
08:10:33        all     91.00      0.00      9.00      0.00      0.00      0.00
08:10:34        all     88.00      0.00     12.00      0.00      0.00      0.00
08:10:35        all     90.10      0.00      9.90      0.00      0.00      0.00
08:10:36        all     75.00      0.00     22.00      0.00      0.00      3.00
08:10:37        all      3.03      0.00      0.00      0.00      0.00     96.97
08:10:38        all     12.12      0.00      0.00      0.00      0.00     87.88
08:10:39        all      2.00      0.00      0.00      0.00      0.00     98.00
08:10:40        all      1.98      0.00      1.98      0.00      0.00     96.04
Average:        all     66.83      0.00     13.77      0.00      0.00     19.40
