Linux 5.15.0-131-generic (be.magic-number.odbjtomcatpefs-pg0.wisc.cloudlab.us) 	08/25/25 	_x86_64_	(40 CPU)

08:30:00        CPU     %user     %nice   %system   %iowait    %steal     %idle
08:30:01        all     18.95      0.00      9.47      0.00      0.00     71.58
08:30:02        all     11.83      0.00      8.60      0.00      0.00     79.57
08:30:03        all     10.75      0.00      8.60      0.00      0.00     80.65
08:30:04        all     10.75      0.00     11.83      0.00      0.00     77.42
08:30:05        all     13.98      0.00     10.75      0.00      0.00     75.27
08:30:06        all     10.64      0.00     10.64      0.00      0.00     78.72
08:30:07        all      9.78      0.00     10.87      0.00      0.00     79.35
08:30:08        all      8.60      0.00     11.83      0.00      0.00     79.57
08:30:09        all     13.68      0.00      9.47      0.00      0.00     76.84
08:30:10        all     12.90      0.00      8.60      0.00      0.00     78.49
08:30:11        all      6.32      0.00     16.84      0.00      0.00     76.84
08:30:12        all     12.63      0.00     10.53      0.00      0.00     76.84
08:30:13        all     13.98      0.00     10.75      0.00      0.00     75.27
08:30:14        all      7.95      0.00     10.23      0.00      0.00     81.82
08:30:15        all     12.77      0.00     10.64      0.00      0.00     76.60
08:30:16        all      9.18      0.00      3.06      0.00      0.00     87.76
08:30:17        all      6.38      0.00      4.26      0.00      0.00     89.36
08:30:18        all      4.44      0.00      3.33      0.00      0.00     92.22
08:30:19        all     13.33      0.00     14.44      0.00      0.00     72.22
08:30:20        all     25.30      0.00     30.12      0.00      0.00     44.58
08:30:21        all     21.43      0.00     21.43      0.00      0.00     57.14
08:30:22        all     11.70      0.00     10.64      0.00      0.00     77.66
08:30:23        all      1.02      0.00      3.06      0.00      0.00     95.92
08:30:24        all      0.00      0.00      0.00      0.00      0.00    100.00
08:30:25        all      0.00      0.00      0.99      0.00      0.00     99.01
08:30:26        all      0.00      0.00      0.00      0.00      0.00    100.00
08:30:27        all     21.59      0.00     21.59      0.00      0.00     56.82
08:30:28        all     19.57      0.00     19.57      0.00      0.00     60.87
08:30:29        all     21.98      0.00     21.98      0.00      0.00     56.04
08:30:30        all     25.27      0.00     26.37      0.00      0.00     48.35
08:30:31        all     10.53      0.00     12.63      0.00      0.00     76.84
08:30:32        all     10.75      0.00     10.75      0.00      0.00     78.49
08:30:33        all      8.89      0.00     10.00      0.00      0.00     81.11
08:30:34        all     13.68      0.00     11.58      0.00      0.00     74.74
08:30:35        all      9.68      0.00     12.90      0.00      0.00     77.42
08:30:36        all      2.06      0.00      2.06      0.00      0.00     95.88
08:30:37        all      0.00      0.00      0.00      0.00      0.00    100.00
08:30:38        all      0.00      0.00      0.00      0.00      0.00    100.00
08:30:39        all      0.00      0.00      1.98      0.00      0.00     98.02
08:30:40        all      1.01      0.00      1.01      0.00      0.00     97.98
Average:        all     10.10      0.00      9.83      0.00      0.00     80.07
