Linux 5.15.0-131-generic (fe.magic-number.odbjtomcatpefs-pg0.wisc.cloudlab.us) 	08/25/25 	_x86_64_	(40 CPU)

08:49:00        CPU     %user     %nice   %system   %iowait    %steal     %idle
08:49:01        all     33.67      0.00     18.37      0.00      0.00     47.96
08:49:02        all     30.93      0.00     20.62      0.00      0.00     48.45
08:49:03        all     39.80      0.00     24.49      0.00      0.00     35.71
08:49:04        all     65.66      0.00     21.21      0.00      0.00     13.13
08:49:05        all     60.61      0.00     24.24      0.00      0.00     15.15
08:49:06        all     36.46      0.00     22.92      0.00      0.00     40.62
08:49:07        all     26.60      0.00     25.53      0.00      0.00     47.87
08:49:08        all     29.17      0.00     22.92      0.00      0.00     47.92
08:49:09        all     29.03      0.00     23.66      0.00      0.00     47.31
08:49:10        all     29.47      0.00     25.26      0.00      0.00     45.26
08:49:11        all     32.26      0.00     23.66      0.00      0.00     44.09
08:49:12        all     34.38      0.00     22.92      0.00      0.00     42.71
08:49:13        all     36.17      0.00     22.34      0.00      0.00     41.49
08:49:14        all     37.89      0.00     22.11      0.00      0.00     40.00
08:49:15        all     36.17      0.00     23.40      0.00      0.00     40.43
08:49:16        all     38.30      0.00     20.21      0.00      0.00     41.49
08:49:17        all     36.96      0.00     23.91      0.00      0.00     39.13
08:49:18        all     41.67      0.00     22.92      0.00      0.00     35.42
08:49:19        all     42.11      0.00     22.11      0.00      0.00     35.79
08:49:20        all     43.01      0.00     23.66      0.00      0.00     33.33
08:49:21        all     38.30      0.00     22.34      0.00      0.00     39.36
08:49:22        all     40.66      0.00     26.37      0.00      0.00     32.97
08:49:23        all     79.59      0.00     13.27      0.00      0.00      7.14
08:49:24        all     83.00      0.00     17.00      0.00      0.00      0.00
08:49:25        all     89.11      0.00     10.89      0.00      0.00      0.00
08:49:26        all     90.91      0.00      9.09      0.00      0.00      0.00
08:49:27        all     74.26      0.00     25.74      0.00      0.00      0.00
08:49:28        all     43.43      0.00     31.31      0.00      0.00     25.25
08:49:29        all     50.51      0.00     30.30      0.00      0.00     19.19
08:49:30        all     33.33      0.00     27.27      0.00      0.00     39.39
08:49:31        all      2.00      0.00      3.00      0.00      0.00     95.00
08:49:32        all      0.00      0.00      1.01      0.00      0.00     98.99
08:49:33        all      1.00      0.00      1.00      0.00      0.00     98.00
08:49:34        all      0.00      0.00      0.00      0.00      0.00    100.00
08:49:35        all      0.00      0.00      0.00      0.00      0.00    100.00
08:49:36        all      0.00      0.00      1.01      0.00      0.00     98.99
08:49:37        all      3.06      0.00      5.10      0.00      0.00     91.84
08:49:38        all      1.00      0.00      0.00      0.00      0.00     99.00
08:49:39        all      0.00      0.00      0.00      0.00      0.00    100.00
08:49:40        all      0.00      0.00      1.00      0.00      0.00     99.00
Average:        all     34.76      0.00     16.90      0.00      0.00     48.34
