Linux 5.15.0-131-generic (fe.magic-number.odbjtomcatpefs-pg0.wisc.cloudlab.us) 	08/25/25 	_x86_64_	(40 CPU)

08:45:00        CPU     %user     %nice   %system   %iowait    %steal     %idle
08:45:01        all     33.68      0.00     21.05      0.00      0.00     45.26
08:45:02        all     32.29      0.00     22.92      0.00      0.00     44.79
08:45:03        all     29.17      0.00     23.96      0.00      0.00     46.88
08:45:04        all     31.18      0.00     21.51      0.00      0.00     47.31
08:45:05        all     32.29      0.00     23.96      0.00      0.00     43.75
08:45:06        all     56.12      0.00     18.37      0.00      0.00     25.51
08:45:07        all     69.00      0.00     21.00      0.00      0.00     10.00
08:45:08        all     61.62      0.00     23.23      0.00      0.00     15.15
08:45:09        all     45.36      0.00     28.87      0.00      0.00     25.77
08:45:10        all     26.04      0.00     26.04      0.00      0.00     47.92
08:45:11        all     32.26      0.00     20.43      0.00      0.00     47.31
08:45:12        all     27.37      0.00     28.42      0.00      0.00     44.21
08:45:13        all     29.03      0.00     25.81      0.00      0.00     45.16
08:45:14        all     31.18      0.00     24.73      0.00      0.00     44.09
08:45:15        all     33.70      0.00     23.91      0.00      0.00     42.39
08:45:16        all     38.30      0.00     19.15      0.00      0.00     42.55
08:45:17        all     37.08      0.00     21.35      0.00      0.00     41.57
08:45:18        all     38.95      0.00     23.16      0.00      0.00     37.89
08:45:19        all     34.44      0.00     26.67      0.00      0.00     38.89
08:45:20        all     38.46      0.00     19.78      3.30      0.00     38.46
08:45:21        all     38.46      0.00     23.08      0.00      0.00     38.46
08:45:22        all     39.13      0.00     25.00      0.00      0.00     35.87
08:45:23        all     41.30      0.00     23.91      0.00      0.00     34.78
08:45:24        all     40.43      0.00     26.60      0.00      0.00     32.98
08:45:25        all     57.45      0.00     18.09      0.00      0.00     24.47
08:45:26        all     89.00      0.00     11.00      0.00      0.00      0.00
08:45:27        all     84.00      0.00     16.00      0.00      0.00      0.00
08:45:28        all     83.00      0.00     17.00      0.00      0.00      0.00
08:45:29        all     60.40      0.00     30.69      0.00      0.00      8.91
08:45:30        all     40.40      0.00     36.36      0.00      0.00     23.23
08:45:31        all     27.72      0.00     21.78      0.00      0.00     50.50
08:45:32        all      4.00      0.00      3.00      0.00      0.00     93.00
08:45:33        all      0.00      0.00      1.00      0.00      0.00     99.00
08:45:34        all      0.00      0.00      0.00      0.00      0.00    100.00
08:45:35        all      6.00      0.00      2.00      0.00      0.00     92.00
08:45:36        all      0.00      0.00      1.01      0.00      0.00     98.99
08:45:37        all      1.98      0.00      2.97      0.00      0.00     95.05
08:45:38        all      0.00      0.00      1.00      0.00      0.00     99.00
08:45:39        all      3.06      0.00      1.02      0.00      0.00     95.92
08:45:40        all      1.01      0.00      0.00      0.00      0.00     98.99
Average:        all     34.33      0.00     17.97      0.08      0.00     47.62
