Linux 5.15.0-131-generic (be.magic-number.odbjtomcatpefs-pg0.wisc.cloudlab.us) 	08/25/25 	_x86_64_	(40 CPU)

08:14:00        CPU     %user     %nice   %system   %iowait    %steal     %idle
08:14:01        all     15.05      0.00     10.75      0.00      0.00     74.19
08:14:02        all     10.53      0.00     10.53      0.00      0.00     78.95
08:14:03        all      6.45      0.00     11.83      0.00      0.00     81.72
08:14:04        all     10.87      0.00      8.70      0.00      0.00     80.43
08:14:05        all      8.25      0.00     11.34      0.00      0.00     80.41
08:14:06        all     15.91      0.00      6.82      0.00      0.00     77.27
08:14:07        all     12.22      0.00     13.33      0.00      0.00     74.44
08:14:08        all      9.78      0.00      9.78      0.00      0.00     80.43
08:14:09        all      8.70      0.00     10.87      0.00      0.00     80.43
08:14:10        all      6.67      0.00     12.22      0.00      0.00     81.11
08:14:11        all     23.40      0.00      7.45      0.00      0.00     69.15
08:14:12        all      8.70      0.00     11.96      0.00      0.00     79.35
08:14:13        all     13.83      0.00     11.70      0.00      0.00     74.47
08:14:14        all      9.78      0.00      9.78      0.00      0.00     80.43
08:14:15        all     10.64      0.00     10.64      0.00      0.00     78.72
08:14:16        all     12.50      0.00     11.46      0.00      0.00     76.04
08:14:17        all     16.67      0.00     13.33      0.00      0.00     70.00
08:14:18        all      9.57      0.00     12.77      0.00      0.00     77.66
08:14:19        all      6.59      0.00     13.19      0.00      0.00     80.22
08:14:20        all      5.26      0.00      6.32      0.00      0.00     88.42
08:14:21        all      7.45      0.00      7.45      0.00      0.00     85.11
08:14:22        all      5.38      0.00      6.45      0.00      0.00     88.17
08:14:23        all      4.21      0.00      4.21      0.00      0.00     91.58
08:14:24        all      3.06      0.00      1.02      0.00      0.00     95.92
08:14:25        all      0.00      0.00      1.01      0.00      0.00     98.99
08:14:26        all     18.18      0.00     25.00      0.00      0.00     56.82
08:14:27        all     21.43      0.00     29.76      0.00      0.00     48.81
08:14:28        all      1.03      0.00      3.09      0.00      0.00     95.88
08:14:29        all      0.00      0.00      0.00      0.00      0.00    100.00
08:14:30        all      0.00      0.00      0.00      0.00      0.00    100.00
08:14:31        all      1.00      0.00      1.00      0.00      0.00     98.00
08:14:32        all      0.00      0.00      0.00      0.00      0.00    100.00
08:14:33        all      0.00      0.00      0.00      0.00      0.00    100.00
08:14:34        all      0.00      0.00      0.00      0.00      0.00    100.00
08:14:35        all      0.00      0.00      1.00      0.00      0.00     99.00
08:14:36        all      0.00      0.00      1.00      0.00      0.00     99.00
08:14:37        all      2.04      0.00      2.04      0.00      0.00     95.92
08:14:38        all      0.00      0.00      0.99      0.00      0.00     99.01
08:14:39        all      0.00      0.00      0.00      0.00      0.00    100.00
08:14:40        all      0.00      0.00      0.00      0.00      0.00    100.00
Average:        all      6.90      0.00      7.21      0.00      0.00     85.89
