Linux 5.15.0-131-generic (is.magic-number.odbjtomcatpefs-pg0.wisc.cloudlab.us) 	08/25/25 	_x86_64_	(40 CPU)

08:45:00        CPU     %user     %nice   %system   %iowait    %steal     %idle
08:45:01        all     21.21      0.00     14.14      0.00      0.00     64.65
08:45:02        all     19.19      0.00     17.17      0.00      0.00     63.64
08:45:03        all     24.24      0.00     11.11      0.00      0.00     64.65
08:45:04        all     24.75      0.00     12.87      0.00      0.00     62.38
08:45:05        all     25.49      0.00     13.73      0.00      0.00     60.78
08:45:06        all     25.25      0.00     13.13      0.00      0.00     61.62
08:45:07        all     33.68      0.00     20.00      0.00      0.00     46.32
08:45:08        all     28.28      0.00     11.11      0.00      0.00     60.61
08:45:09        all     36.73      0.00     13.27      0.00      0.00     50.00
08:45:10        all     29.70      0.00     13.86      0.00      0.00     56.44
08:45:11        all     27.27      0.00     15.15      0.00      0.00     57.58
08:45:12        all     30.30      0.00     18.18      0.00      0.00     51.52
08:45:13        all     30.30      0.00     15.15      0.00      0.00     54.55
08:45:14        all     33.66      0.00     14.85      0.00      0.00     51.49
08:45:15        all     31.00      0.00     17.00      0.00      0.00     52.00
08:45:16        all     38.38      0.00     10.10      0.00      0.00     51.52
08:45:17        all     33.00      0.00     17.00      0.00      0.00     50.00
08:45:18        all     38.00      0.00     14.00      0.00      0.00     48.00
08:45:19        all     40.40      0.00     12.12      0.00      0.00     47.47
08:45:20        all     43.00      0.00     10.00      0.00      0.00     47.00
08:45:21        all     40.00      0.00     15.00      0.00      0.00     45.00
08:45:22        all     42.42      0.00     12.12      0.00      0.00     45.45
08:45:23        all     41.58      0.00     15.84      0.00      0.00     42.57
08:45:24        all     46.39      0.00     12.37      0.00      0.00     41.24
08:45:25        all     40.40      0.00     11.11      0.00      0.00     48.48
08:45:26        all     16.13      0.00     10.75      0.00      0.00     73.12
08:45:27        all      7.06      0.00      8.24      0.00      0.00     84.71
08:45:28        all      3.45      0.00      6.90      0.00      0.00     89.66
08:45:29        all     25.51      0.00      7.14      0.00      0.00     67.35
08:45:30        all     72.00      0.00     21.00      0.00      0.00      7.00
08:45:31        all     81.00      0.00     16.00      0.00      0.00      3.00
08:45:32        all     79.80      0.00     20.20      0.00      0.00      0.00
08:45:33        all     77.23      0.00     22.77      0.00      0.00      0.00
08:45:34        all     98.00      0.00      2.00      0.00      0.00      0.00
08:45:35        all     89.00      0.00     11.00      0.00      0.00      0.00
08:45:36        all     97.00      0.00      3.00      0.00      0.00      0.00
08:45:37        all     91.00      0.00      9.00      0.00      0.00      0.00
08:45:38        all     95.00      0.00      5.00      0.00      0.00      0.00
08:45:39        all     32.32      0.00     21.21      0.00      0.00     46.46
08:45:40        all      0.00      0.00      0.00      0.00      0.00    100.00
Average:        all     42.57      0.00     12.90      0.00      0.00     44.53
