Linux 5.15.0-131-generic (fe.magic-number.odbjtomcatpefs-pg0.wisc.cloudlab.us) 	08/25/25 	_x86_64_	(40 CPU)

08:32:00        CPU     %user     %nice   %system   %iowait    %steal     %idle
08:32:01        all     22.22      0.00     29.29      0.00      0.00     48.48
08:32:02        all     28.87      0.00     22.68      0.00      0.00     48.45
08:32:03        all     23.76      0.00     30.69      0.00      0.00     45.54
08:32:04        all     25.51      0.00     27.55      0.00      0.00     46.94
08:32:05        all     31.68      0.00     25.74      0.00      0.00     42.57
08:32:06        all     41.18      0.00     24.51      0.00      0.00     34.31
08:32:07        all     30.93      0.00     24.74      0.00      0.00     44.33
08:32:08        all     33.33      0.00     25.25      0.00      0.00     41.41
08:32:09        all     19.00      0.00     15.00      0.00      0.00     66.00
08:32:10        all      5.15      0.00      6.19      0.00      0.00     88.66
08:32:11        all     23.53      0.00     11.76      0.00      0.00     64.71
08:32:12        all     88.78      0.00     11.22      0.00      0.00      0.00
08:32:13        all     73.74      0.00     26.26      0.00      0.00      0.00
08:32:14        all     60.40      0.00     33.66      0.00      0.00      5.94
08:32:15        all     47.47      0.00     36.36      0.00      0.00     16.16
08:32:16        all     33.66      0.00     31.68      0.00      0.00     34.65
08:32:17        all     30.00      0.00     29.00      0.00      0.00     41.00
08:32:18        all     27.72      0.00     29.70      0.00      0.00     42.57
08:32:19        all     27.72      0.00     27.72      0.00      0.00     44.55
08:32:20        all     31.63      0.00     27.55      0.00      0.00     40.82
08:32:21        all     29.90      0.00     26.80      0.00      0.00     43.30
08:32:22        all     32.35      0.00     27.45      0.00      0.00     40.20
08:32:23        all     35.05      0.00     24.74      0.00      0.00     40.21
08:32:24        all     33.33      0.00     27.27      0.00      0.00     39.39
08:32:25        all     35.79      0.00     24.21      0.00      0.00     40.00
08:32:26        all     46.15      0.00     19.78      0.00      0.00     34.07
08:32:27        all     35.11      0.00     26.60      0.00      0.00     38.30
08:32:28        all     37.63      0.00     26.88      0.00      0.00     35.48
08:32:29        all     40.86      0.00     24.73      0.00      0.00     34.41
08:32:30        all     37.89      0.00     29.47      0.00      0.00     32.63
08:32:31        all     40.43      0.00     24.47      0.00      0.00     35.11
08:32:32        all     45.26      0.00     27.37      0.00      0.00     27.37
08:32:33        all     52.63      0.00     23.16      0.00      0.00     24.21
08:32:34        all     84.16      0.00     15.84      0.00      0.00      0.00
08:32:35        all     93.94      0.00      6.06      0.00      0.00      0.00
08:32:36        all     78.22      0.00     21.78      0.00      0.00      0.00
08:32:37        all     98.00      0.00      2.00      0.00      0.00      0.00
08:32:38        all     84.00      0.00     16.00      0.00      0.00      0.00
08:32:39        all      7.07      0.00     14.14      0.00      0.00     78.79
08:32:40        all      1.00      0.00      0.00      0.00      0.00     99.00
Average:        all     41.41      0.00     22.62      0.00      0.00     35.97
