Linux 5.15.0-131-generic (be.magic-number.odbjtomcatpefs-pg0.wisc.cloudlab.us) 	08/25/25 	_x86_64_	(40 CPU)

08:34:00        CPU     %user     %nice   %system   %iowait    %steal     %idle
08:34:01        all     13.98      0.00     10.75      0.00      0.00     75.27
08:34:02        all      6.32      0.00     14.74      0.00      0.00     78.95
08:34:03        all      8.60      0.00     11.83      0.00      0.00     79.57
08:34:04        all     12.77      0.00     12.77      0.00      0.00     74.47
08:34:05        all      4.08      0.00      4.08      0.00      0.00     91.84
08:34:06        all      7.69      0.00      8.79      0.00      0.00     83.52
08:34:07        all     18.68      0.00     14.29      0.00      0.00     67.03
08:34:08        all     15.38      0.00     18.68      0.00      0.00     65.93
08:34:09        all      9.47      0.00     12.63      0.00      0.00     77.89
08:34:10        all      6.59      0.00     10.99      0.00      0.00     82.42
08:34:11        all     10.87      0.00      9.78      0.00      0.00     79.35
08:34:12        all      8.60      0.00     10.75      0.00      0.00     80.65
08:34:13        all     12.77      0.00     10.64      0.00      0.00     76.60
08:34:14        all      8.89      0.00     10.00      0.00      0.00     81.11
08:34:15        all     11.70      0.00     10.64      0.00      0.00     77.66
08:34:16        all     10.75      0.00     13.98      0.00      0.00     75.27
08:34:17        all      9.89      0.00      9.89      0.00      0.00     80.22
08:34:18        all     11.96      0.00      9.78      0.00      0.00     78.26
08:34:19        all      8.99      0.00     10.11      0.00      0.00     80.90
08:34:20        all     12.09      0.00      7.69      0.00      0.00     80.22
08:34:21        all      8.89      0.00     10.00      0.00      0.00     81.11
08:34:22        all     10.75      0.00     11.83      0.00      0.00     77.42
08:34:23        all      3.09      0.00      2.06      0.00      0.00     94.85
08:34:24        all      0.00      0.00      0.99      0.00      0.00     99.01
08:34:25        all      0.00      0.00      0.00      0.00      0.00    100.00
08:34:26        all      0.00      0.00      0.00      0.00      0.00    100.00
08:34:27        all      1.01      0.00      2.02      0.00      0.00     96.97
08:34:28        all     34.74      0.00     13.68      0.00      0.00     51.58
08:34:29        all     17.58      0.00     27.47      0.00      0.00     54.95
08:34:30        all     22.99      0.00     21.84      0.00      0.00     55.17
08:34:31        all     23.60      0.00     28.09      0.00      0.00     48.31
08:34:32        all     21.18      0.00     30.59      0.00      0.00     48.24
08:34:33        all     19.54      0.00     21.84      0.00      0.00     58.62
08:34:34        all     11.96      0.00     10.87      0.00      0.00     77.17
08:34:35        all     10.99      0.00     12.09      0.00      0.00     76.92
08:34:36        all      3.03      0.00      3.03      0.00      0.00     93.94
08:34:37        all      1.00      0.00      3.00      0.00      0.00     96.00
08:34:38        all      0.00      0.00      1.01      0.00      0.00     98.99
08:34:39        all      2.02      0.00      0.00      0.00      0.00     97.98
08:34:40        all      0.00      0.00      2.00      0.00      0.00     98.00
Average:        all      9.83      0.00     10.36      0.00      0.00     79.81
