Linux 5.15.0-131-generic (fe.magic-number.odbjtomcatpefs-pg0.wisc.cloudlab.us) 	08/25/25 	_x86_64_	(40 CPU)

08:34:00        CPU     %user     %nice   %system   %iowait    %steal     %idle
08:34:01        all     21.74      0.00     21.74      0.00      0.00     56.52
08:34:02        all     17.58      0.00     23.08      0.00      0.00     59.34
08:34:03        all     23.40      0.00     22.34      0.00      0.00     54.26
08:34:04        all     25.00      0.00     21.74      0.00      0.00     53.26
08:34:05        all     11.00      0.00     10.00      0.00      0.00     79.00
08:34:06        all     18.18      0.00     18.18      0.00      0.00     63.64
08:34:07        all     40.21      0.00     20.62      0.00      0.00     39.18
08:34:08        all     38.46      0.00     27.47      0.00      0.00     34.07
08:34:09        all     32.26      0.00     18.28      0.00      0.00     49.46
08:34:10        all     27.96      0.00     23.66      0.00      0.00     48.39
08:34:11        all     27.27      0.00     21.59      0.00      0.00     51.14
08:34:12        all     31.11      0.00     21.11      0.00      0.00     47.78
08:34:13        all     33.33      0.00     21.11      0.00      0.00     45.56
08:34:14        all     35.96      0.00     17.98      0.00      0.00     46.07
08:34:15        all     35.16      0.00     21.98      0.00      0.00     42.86
08:34:16        all     35.42      0.00     19.79      0.00      0.00     44.79
08:34:17        all     38.89      0.00     18.89      0.00      0.00     42.22
08:34:18        all     46.59      0.00     12.50      0.00      0.00     40.91
08:34:19        all     40.91      0.00     20.45      0.00      0.00     38.64
08:34:20        all     44.57      0.00     17.39      0.00      0.00     38.04
08:34:21        all     38.95      0.00     24.21      0.00      0.00     36.84
08:34:22        all     44.94      0.00     20.22      0.00      0.00     34.83
08:34:23        all     77.55      0.00     14.29      0.00      0.00      8.16
08:34:24        all     92.00      0.00      8.00      0.00      0.00      0.00
08:34:25        all     81.82      0.00     18.18      0.00      0.00      0.00
08:34:26        all     95.05      0.00      4.95      0.00      0.00      0.00
08:34:27        all     73.74      0.00     26.26      0.00      0.00      0.00
08:34:28        all     34.69      0.00     28.57      0.00      0.00     36.73
08:34:29        all     54.64      0.00     29.90      0.00      0.00     15.46
08:34:30        all     47.47      0.00     30.30      0.00      0.00     22.22
08:34:31        all     49.48      0.00     26.80      0.00      0.00     23.71
08:34:32        all     55.32      0.00     34.04      0.00      0.00     10.64
08:34:33        all     48.89      0.00     26.67      0.00      0.00     24.44
08:34:34        all     34.83      0.00     17.98      0.00      0.00     47.19
08:34:35        all     33.72      0.00     22.09      0.00      0.00     44.19
08:34:36        all      6.19      0.00      6.19      0.00      0.00     87.63
08:34:37        all      0.00      0.00      1.02      0.00      0.00     98.98
08:34:38        all      0.00      0.00      0.00      0.00      0.00    100.00
08:34:39        all      0.00      0.00      1.01      0.00      0.00     98.99
08:34:40        all      0.00      0.00      1.02      0.00      0.00     98.98
Average:        all     37.50      0.00     18.41      0.00      0.00     44.09
