Linux 5.15.0-131-generic (is.magic-number.odbjtomcatpefs-pg0.wisc.cloudlab.us) 	08/25/25 	_x86_64_	(40 CPU)

08:32:00        CPU     %user     %nice   %system   %iowait    %steal     %idle
08:32:01        all     30.00      0.00     17.00      0.00      0.00     53.00
08:32:02        all     30.00      0.00     12.00      0.00      0.00     58.00
08:32:03        all     32.00      0.00     13.00      0.00      0.00     55.00
08:32:04        all     30.93      0.00     12.37      0.00      0.00     56.70
08:32:05        all     32.32      0.00     12.12      0.00      0.00     55.56
08:32:06        all     30.00      0.00     14.00      0.00      0.00     56.00
08:32:07        all     35.00      0.00     13.00      0.00      0.00     52.00
08:32:08        all     36.73      0.00     12.24      0.00      0.00     51.02
08:32:09        all     67.33      0.00     16.83      0.00      0.00     15.84
08:32:10        all     87.88      0.00     12.12      0.00      0.00      0.00
08:32:11        all     74.00      0.00     21.00      0.00      0.00      5.00
08:32:12        all     22.68      0.00     11.34      0.00      0.00     65.98
08:32:13        all     35.42      0.00     15.62      0.00      0.00     48.96
08:32:14        all     46.39      0.00     27.84      0.00      0.00     25.77
08:32:15        all     58.42      0.00     27.72      0.00      0.00     13.86
08:32:16        all     38.00      0.00     18.00      0.00      0.00     44.00
08:32:17        all     26.73      0.00     16.83      0.00      0.00     56.44
08:32:18        all     28.57      0.00     14.29      0.00      0.00     57.14
08:32:19        all     34.00      0.00     11.00      0.00      0.00     55.00
08:32:20        all     28.57      0.00     14.29      0.00      0.00     57.14
08:32:21        all     32.67      0.00     12.87      0.00      0.00     54.46
08:32:22        all     32.65      0.00     12.24      0.00      0.00     55.10
08:32:23        all     30.30      0.00     16.16      0.00      0.00     53.54
08:32:24        all     32.00      0.00     16.00      0.00      0.00     52.00
08:32:25        all     36.63      0.00     15.84      0.00      0.00     47.52
08:32:26        all     36.73      0.00     12.24      0.00      0.00     51.02
08:32:27        all     39.00      0.00     15.00      0.00      0.00     46.00
08:32:28        all     39.60      0.00     15.84      0.00      0.00     44.55
08:32:29        all     44.00      0.00     10.00      0.00      0.00     46.00
08:32:30        all     43.56      0.00     11.88      0.00      0.00     44.55
08:32:31        all     42.86      0.00     11.22      0.00      0.00     45.92
08:32:32        all     45.45      0.00     12.12      0.00      0.00     42.42
08:32:33        all     39.80      0.00      8.16      0.00      0.00     52.04
08:32:34        all     10.87      0.00     14.13      0.00      0.00     75.00
08:32:35        all     13.64      0.00      6.82      0.00      0.00     79.55
08:32:36        all      4.44      0.00      3.33      0.00      0.00     92.22
08:32:37        all      2.08      0.00      3.12      0.00      0.00     94.79
08:32:38        all      1.01      0.00      4.04      0.00      0.00     94.95
08:32:39        all     11.22      0.00      2.04      0.00      0.00     86.73
08:32:40        all      1.04      0.00      3.12      0.00      0.00     95.83
Average:        all     33.88      0.00     13.04      0.00      0.00     53.09
