Linux 5.15.0-131-generic (be.magic-number.odbjtomcatpefs-pg0.wisc.cloudlab.us) 	08/25/25 	_x86_64_	(40 CPU)

08:12:00        CPU     %user     %nice   %system   %iowait    %steal     %idle
08:12:01        all     17.02      0.00     13.83      0.00      0.00     69.15
08:12:02        all     15.31      0.00     12.24      0.00      0.00     72.45
08:12:03        all     21.74      0.00      9.78      0.00      0.00     68.48
08:12:04        all     16.13      0.00      9.68      0.00      0.00     74.19
08:12:05        all      8.89      0.00      5.56      0.00      0.00     85.56
08:12:06        all     14.94      0.00     11.49      0.00      0.00     73.56
08:12:07        all     14.13      0.00      9.78      0.00      0.00     76.09
08:12:08        all     37.50      0.00      7.29      0.00      0.00     55.21
08:12:09        all      7.92      0.00      1.98      0.00      0.00     90.10
08:12:10        all     13.98      0.00      9.68      0.00      0.00     76.34
08:12:11        all     19.79      0.00     17.71      0.00      0.00     62.50
08:12:12        all     17.78      0.00     17.78      0.00      0.00     64.44
08:12:13        all     14.89      0.00      9.57      0.00      0.00     75.53
08:12:14        all     15.96      0.00     13.83      0.00      0.00     70.21
08:12:15        all     12.12      0.00     15.15      0.00      0.00     72.73
08:12:16        all      8.60      0.00     13.98      1.08      0.00     76.34
08:12:17        all      8.70      0.00     15.22      0.00      0.00     76.09
08:12:18        all     21.05      0.00      9.47      0.00      0.00     69.47
08:12:19        all     10.87      0.00     15.22      0.00      0.00     73.91
08:12:20        all     15.46      0.00     12.37      0.00      0.00     72.16
08:12:21        all     14.58      0.00      9.38      0.00      0.00     76.04
08:12:22        all     11.96      0.00     13.04      0.00      0.00     75.00
08:12:23        all     24.47      0.00      9.57      0.00      0.00     65.96
08:12:24        all     24.74      0.00     15.46      0.00      0.00     59.79
08:12:25        all      6.32      0.00      8.42      0.00      0.00     85.26
08:12:26        all     12.63      0.00     10.53      0.00      0.00     76.84
08:12:27        all      7.53      0.00      7.53      0.00      0.00     84.95
08:12:28        all      8.00      0.00      6.00      0.00      0.00     86.00
08:12:29        all      0.00      0.00      0.00      0.00      0.00    100.00
08:12:30        all      0.00      0.00      0.00      0.00      0.00    100.00
08:12:31        all     10.00      0.00      5.00      0.00      0.00     85.00
08:12:32        all     29.55      0.00     27.27      0.00      0.00     43.18
08:12:33        all     55.21      0.00     12.50      0.00      0.00     32.29
08:12:34        all     26.25      0.00     20.00      0.00      0.00     53.75
08:12:35        all     25.00      0.00     26.14      0.00      0.00     48.86
08:12:36        all     22.55      0.00      2.94      0.00      0.00     74.51
08:12:37        all      0.00      0.00      0.00      0.00      0.00    100.00
08:12:38        all      0.00      0.00      0.00      0.00      0.00    100.00
08:12:39        all      0.00      0.00      0.99      0.00      0.00     99.01
08:12:40        all      0.00      0.00      0.00      0.00      0.00    100.00
Average:        all     14.62      0.00      9.95      0.03      0.00     75.41
