Linux 5.15.0-131-generic (fe.magic-number.odbjtomcatpefs-pg0.wisc.cloudlab.us) 	08/25/25 	_x86_64_	(40 CPU)

08:47:00        CPU     %user     %nice   %system   %iowait    %steal     %idle
08:47:01        all     23.71      0.00     23.71      0.00      0.00     52.58
08:47:02        all     31.25      0.00     19.79      0.00      0.00     48.96
08:47:03        all     30.21      0.00     21.88      0.00      0.00     47.92
08:47:04        all     30.21      0.00     22.92      0.00      0.00     46.88
08:47:05        all     32.63      0.00     22.11      0.00      0.00     45.26
08:47:06        all     29.47      0.00     27.37      0.00      0.00     43.16
08:47:07        all     35.87      0.00     19.57      0.00      0.00     44.57
08:47:08        all     32.98      0.00     23.40      0.00      0.00     43.62
08:47:09        all     36.17      0.00     22.34      0.00      0.00     41.49
08:47:10        all     36.84      0.00     23.16      0.00      0.00     40.00
08:47:11        all     34.04      0.00     25.53      0.00      0.00     40.43
08:47:12        all     32.26      0.00     27.96      0.00      0.00     39.78
08:47:13        all     39.13      0.00     23.91      0.00      0.00     36.96
08:47:14        all     35.16      0.00     27.47      0.00      0.00     37.36
08:47:15        all     78.00      0.00     13.00      0.00      0.00      9.00
08:47:16        all     85.86      0.00     14.14      0.00      0.00      0.00
08:47:17        all     78.22      0.00     21.78      0.00      0.00      0.00
08:47:18        all     42.71      0.00     28.12      0.00      0.00     29.17
08:47:19        all     34.34      0.00     39.39      0.00      0.00     26.26
08:47:20        all     38.61      0.00     37.62      0.00      0.00     23.76
08:47:21        all     28.42      0.00     25.26      0.00      0.00     46.32
08:47:22        all     32.22      0.00     22.22      0.00      0.00     45.56
08:47:23        all     32.26      0.00     24.73      0.00      0.00     43.01
08:47:24        all     36.56      0.00     21.51      0.00      0.00     41.94
08:47:25        all     36.56      0.00     24.73      0.00      0.00     38.71
08:47:26        all     36.08      0.00     17.53      0.00      0.00     46.39
08:47:27        all     39.13      0.00     25.00      0.00      0.00     35.87
08:47:28        all     36.84      0.00     26.32      0.00      0.00     36.84
08:47:29        all     32.97      0.00     28.57      0.00      0.00     38.46
08:47:30        all      7.14      0.00      3.06      0.00      0.00     89.80
08:47:31        all      0.00      0.00      1.02      0.00      0.00     98.98
08:47:32        all      1.01      0.00      2.02      0.00      0.00     96.97
08:47:33        all      0.00      0.00      1.02      0.00      0.00     98.98
08:47:34        all      0.00      0.00      0.00      0.00      0.00    100.00
08:47:35        all      0.00      0.00      0.00      0.00      0.00    100.00
08:47:36        all      0.00      0.00      1.02      0.00      0.00     98.98
08:47:37        all      1.01      0.00      0.00      0.00      0.00     98.99
08:47:38        all      0.00      0.00      1.02      0.00      0.00     98.98
08:47:39        all      5.10      0.00      3.06      0.00      0.00     91.84
08:47:40        all      4.12      0.00      4.12      0.00      0.00     91.75
Average:        all     28.62      0.00     17.79      0.00      0.00     53.59
