Linux 5.15.0-131-generic (is.magic-number.odbjtomcatpefs-pg0.wisc.cloudlab.us) 	08/25/25 	_x86_64_	(40 CPU)

08:47:00        CPU     %user     %nice   %system   %iowait    %steal     %idle
08:47:01        all     33.00      0.00     12.00      0.00      0.00     55.00
08:47:02        all     26.47      0.00     12.75      0.00      0.00     60.78
08:47:03        all     32.32      0.00     14.14      0.00      0.00     53.54
08:47:04        all     31.00      0.00     16.00      0.00      0.00     53.00
08:47:05        all     25.25      0.00     13.13      0.00      0.00     61.62
08:47:06        all     28.00      0.00     12.00      0.00      0.00     60.00
08:47:07        all     31.63      0.00     16.33      0.00      0.00     52.04
08:47:08        all     30.30      0.00     13.13      0.00      0.00     56.57
08:47:09        all     29.00      0.00     15.00      0.00      0.00     56.00
08:47:10        all     30.39      0.00     14.71      0.00      0.00     54.90
08:47:11        all     34.65      0.00     15.84      0.00      0.00     49.50
08:47:12        all     32.00      0.00     13.00      0.00      0.00     55.00
08:47:13        all     30.69      0.00     17.82      0.00      0.00     51.49
08:47:14        all     35.71      0.00     13.27      0.00      0.00     51.02
08:47:15        all     14.89      0.00      7.45      0.00      0.00     77.66
08:47:16        all     12.22      0.00      5.56      0.00      0.00     82.22
08:47:17        all     17.78      0.00     10.00      0.00      0.00     72.22
08:47:18        all     68.69      0.00     19.19      0.00      0.00     12.12
08:47:19        all     67.00      0.00     17.00      0.00      0.00     16.00
08:47:20        all     62.63      0.00     24.24      0.00      0.00     13.13
08:47:21        all     39.39      0.00     15.15      0.00      0.00     45.45
08:47:22        all     43.43      0.00     11.11      0.00      0.00     45.45
08:47:23        all     42.42      0.00     14.14      0.00      0.00     43.43
08:47:24        all     42.00      0.00     15.00      0.00      0.00     43.00
08:47:25        all     48.51      0.00     11.88      0.00      0.00     39.60
08:47:26        all     75.00      0.00     11.00      0.00      0.00     14.00
08:47:27        all     46.46      0.00     13.13      0.00      0.00     40.40
08:47:28        all     50.00      0.00     13.00      0.00      0.00     37.00
08:47:29        all     47.96      0.00     16.33      0.00      0.00     35.71
08:47:30        all     82.83      0.00     14.14      0.00      0.00      3.03
08:47:31        all     90.91      0.00      9.09      0.00      0.00      0.00
08:47:32        all     61.76      0.00     38.24      0.00      0.00      0.00
08:47:33        all     96.97      0.00      3.03      0.00      0.00      0.00
08:47:34        all     96.00      0.00      4.00      0.00      0.00      0.00
08:47:35        all     96.00      0.00      4.00      0.00      0.00      0.00
08:47:36        all     95.96      0.00      4.04      0.00      0.00      0.00
08:47:37        all     93.00      0.00      7.00      0.00      0.00      0.00
08:47:38        all     96.00      0.00      4.00      0.00      0.00      0.00
08:47:39        all     44.00      0.00     26.00      0.00      0.00     30.00
08:47:40        all      2.97      0.00      3.96      0.00      0.00     93.07
Average:        all     49.31      0.00     13.06      0.00      0.00     37.63
