Linux 5.15.0-131-generic (fe.magic-number.odbjtomcatpefs-pg0.wisc.cloudlab.us) 	08/25/25 	_x86_64_	(40 CPU)

08:10:00        CPU     %user     %nice   %system   %iowait    %steal     %idle
08:10:01        all     33.00      0.00     15.00      0.00      0.00     52.00
08:10:02        all     48.51      0.00     15.84      0.00      0.00     35.64
08:10:03        all     37.50      0.00     17.31      0.00      0.00     45.19
08:10:04        all     45.10      0.00     19.61      0.00      0.00     35.29
08:10:05        all     42.16      0.00     20.59      0.00      0.00     37.25
08:10:06        all     29.81      0.00     27.88      0.00      0.00     42.31
08:10:07        all     58.42      0.00     21.78      0.00      0.00     19.80
08:10:08        all     33.33      0.00     31.43      0.00      0.00     35.24
08:10:09        all     31.78      0.00     25.23      0.00      0.00     42.99
08:10:10        all     40.00      0.00     25.00      0.00      0.00     35.00
08:10:11        all     28.43      0.00     25.49      0.00      0.00     46.08
08:10:12        all     54.37      0.00     20.39      0.00      0.00     25.24
08:10:13        all     38.24      0.00     29.41      0.00      0.00     32.35
08:10:14        all     45.63      0.00     31.07      0.00      0.00     23.30
08:10:15        all     51.96      0.00     33.33      0.00      0.00     14.71
08:10:16        all     65.00      0.00     26.00      0.00      0.00      9.00
08:10:17        all     85.15      0.00     14.85      0.00      0.00      0.00
08:10:18        all     77.00      0.00     23.00      0.00      0.00      0.00
08:10:19        all     55.10      0.00     28.57      0.00      0.00     16.33
08:10:20        all     33.66      0.00     33.66      0.00      0.00     32.67
08:10:21        all     21.15      0.00     26.92      0.00      0.00     51.92
08:10:22        all     40.20      0.00     35.29      0.00      0.00     24.51
08:10:23        all     46.53      0.00     31.68      0.00      0.00     21.78
08:10:24        all     42.31      0.00     29.81      0.00      0.00     27.88
08:10:25        all     37.61      0.00     27.52      0.00      0.00     34.86
08:10:26        all     66.02      0.00     22.33      0.00      0.00     11.65
08:10:27        all     57.00      0.00     23.00      0.00      0.00     20.00
08:10:28        all     49.51      0.00     25.24      0.00      0.00     25.24
08:10:29        all     50.49      0.00     30.10      0.00      0.00     19.42
08:10:30        all     39.62      0.00     31.13      0.00      0.00     29.25
08:10:31        all     63.73      0.00     21.57      0.00      0.00     14.71
08:10:32        all      1.03      0.00      0.00      0.00      0.00     98.97
08:10:33        all      6.12      0.00      2.04      0.00      0.00     91.84
08:10:34        all      0.00      0.00      0.00      0.00      0.00    100.00
08:10:35        all      0.00      0.00      1.02      0.00      0.00     98.98
08:10:36        all      5.05      0.00      4.04      0.00      0.00     90.91
08:10:37        all      0.00      0.00      2.02      0.00      0.00     97.98
08:10:38        all      1.02      0.00      1.02      0.00      0.00     97.96
08:10:39        all      0.00      0.00      2.06      0.00      0.00     97.94
08:10:40        all      1.00      0.00      2.00      0.00      0.00     97.00
Average:        all     36.79      0.00     20.31      0.00      0.00     42.90
