Linux 5.15.0-131-generic (is.magic-number.odbjtomcatpefs-pg0.wisc.cloudlab.us) 	08/25/25 	_x86_64_	(40 CPU)

06:30:00        CPU     %user     %nice   %system   %iowait    %steal     %idle
06:30:01        all     27.27      0.00     11.11      0.00      0.00     61.62
06:30:02        all     26.26      0.00     13.13      0.00      0.00     60.61
06:30:03        all     26.80      0.00     12.37      0.00      0.00     60.82
06:30:04        all     28.71      0.00     16.83      0.00      0.00     54.46
06:30:05        all     39.60      0.00     11.88      0.99      0.00     47.52
06:30:06        all     28.87      0.00     13.40      0.00      0.00     57.73
06:30:07        all     26.53      0.00     17.35      0.00      0.00     56.12
06:30:08        all     32.32      0.00     15.15      0.00      0.00     52.53
06:30:09        all     31.31      0.00     16.16      0.00      0.00     52.53
06:30:10        all     40.82      0.00     18.37      0.00      0.00     40.82
06:30:11        all     27.84      0.00     17.53      0.00      0.00     54.64
06:30:12        all     35.35      0.00     12.12      0.00      0.00     52.53
06:30:13        all     46.39      0.00     12.37      0.00      0.00     41.24
06:30:14        all     78.22      0.00     21.78      0.00      0.00      0.00
06:30:15        all     83.00      0.00     17.00      0.00      0.00      0.00
06:30:16        all     69.31      0.00     27.72      0.00      0.00      2.97
06:30:17        all     56.70      0.00     31.96      0.00      0.00     11.34
06:30:18        all     28.28      0.00     14.14      0.00      0.00     57.58
06:30:19        all     27.00      0.00     17.00      0.00      0.00     56.00
06:30:20        all     16.00      0.00     10.00      0.00      0.00     74.00
06:30:21        all     19.47      0.00     13.27      0.00      0.00     67.26
06:30:22        all     19.83      0.00     14.66      0.00      0.00     65.52
06:30:23        all      2.94      0.00      7.84      0.00      0.00     89.22
06:30:24        all      7.07      0.00      2.02      0.00      0.00     90.91
06:30:25        all     66.00      0.00     33.00      0.00      0.00      1.00
06:30:26        all     68.32      0.00     25.74      0.00      0.00      5.94
06:30:27        all     52.75      0.00     10.99      0.00      0.00     36.26
06:30:28        all     65.31      0.00     19.39      0.00      0.00     15.31
06:30:29        all     36.36      0.00     15.15      0.00      0.00     48.48
06:30:30        all     36.73      0.00     15.31      0.00      0.00     47.96
06:30:31        all     38.78      0.00     13.27      0.00      0.00     47.96
06:30:32        all     37.76      0.00     17.35      0.00      0.00     44.90
06:30:33        all     37.76      0.00     17.35      0.00      0.00     44.90
06:30:34        all     41.84      0.00     13.27      0.00      0.00     44.90
06:30:35        all     44.33      0.00     11.34      0.00      0.00     44.33
06:30:36        all     10.20      0.00      5.10      0.00      0.00     84.69
06:30:37        all      2.06      0.00      2.06      0.00      0.00     95.88
06:30:38        all      7.29      0.00      4.17      0.00      0.00     88.54
06:30:39        all      2.04      0.00      1.02      0.00      0.00     96.94
06:30:40        all     56.70      0.00     19.59      0.00      0.00     23.71
Average:        all     35.66      0.00     14.76      0.03      0.00     49.56
