Linux 5.15.0-131-generic (be.magic-number.odbjtomcatpefs-pg0.wisc.cloudlab.us) 	08/25/25 	_x86_64_	(40 CPU)

06:30:00        CPU     %user     %nice   %system   %iowait    %steal     %idle
06:30:01        all     28.43      0.00      8.82      0.00      0.00     62.75
06:30:02        all      9.09      0.00      6.06      0.00      0.00     84.85
06:30:03        all      9.52      0.00     10.48      0.00      0.00     80.00
06:30:04        all     35.64      0.00      4.95      0.00      0.00     59.41
06:30:05        all     10.20      0.00      7.14      0.00      0.00     82.65
06:30:06        all      5.10      0.00      9.18      0.00      0.00     85.71
06:30:07        all     15.38      0.00     11.54      0.00      0.00     73.08
06:30:08        all     12.50      0.00      6.73      0.00      0.00     80.77
06:30:09        all      4.12      0.00      9.28      0.00      0.00     86.60
06:30:10        all     12.75      0.00     12.75      0.00      0.00     74.51
06:30:11        all     11.22      0.00      8.16      0.00      0.00     80.61
06:30:12        all     11.88      0.00     10.89      0.00      0.00     77.23
06:30:13        all      8.08      0.00     13.13      0.00      0.00     78.79
06:30:14        all      4.21      0.00      5.26      0.00      0.00     90.53
06:30:15        all      4.40      0.00      5.49      0.00      0.00     90.11
06:30:16        all     15.96      0.00     17.02      0.00      0.00     67.02
06:30:17        all     23.76      0.00     23.76      0.00      0.00     52.48
06:30:18        all      7.07      0.00      8.08      0.00      0.00     84.85
06:30:19        all      8.25      0.00      6.19      0.00      0.00     85.57
06:30:20        all      1.98      0.00      3.96      0.00      0.00     94.06
06:30:21        all      1.96      0.00      2.94      0.00      0.00     95.10
06:30:22        all      0.00      0.00      0.00      0.00      0.00    100.00
06:30:23        all      0.00      0.00      0.00      0.00      0.00    100.00
06:30:24        all      0.00      0.00      1.01      0.00      0.00     98.99
06:30:25        all     18.75      0.00     22.92      0.00      0.00     58.33
06:30:26        all     24.00      0.00     21.00      0.00      0.00     55.00
06:30:27        all     30.39      0.00      7.84      0.00      0.00     61.76
06:30:28        all     12.12      0.00     14.14      0.00      0.00     73.74
06:30:29        all      7.92      0.00      8.91      0.00      0.00     83.17
06:30:30        all      3.09      0.00     10.31      0.00      0.00     86.60
06:30:31        all     29.00      0.00      6.00      0.00      0.00     65.00
06:30:32        all      8.16      0.00      6.12      0.00      0.00     85.71
06:30:33        all      8.91      0.00      8.91      0.00      0.00     82.18
06:30:34        all     11.22      0.00      8.16      0.00      0.00     80.61
06:30:35        all     10.78      0.00     13.73      0.00      0.00     75.49
06:30:36        all      1.96      0.00      4.90      0.00      0.00     93.14
06:30:37        all      1.00      0.00      2.00      0.00      0.00     97.00
06:30:38        all      2.00      0.00      2.00      0.00      0.00     96.00
06:30:39        all      1.02      0.00      0.00      0.00      0.00     98.98
06:30:40        all      6.00      0.00      8.00      0.00      0.00     86.00
Average:        all     10.51      0.00      8.44      0.00      0.00     81.05
