Linux 5.15.0-131-generic (fe.magic-number.odbjtomcatpefs-pg0.wisc.cloudlab.us) 	08/25/25 	_x86_64_	(40 CPU)

06:34:00        CPU     %user     %nice   %system   %iowait    %steal     %idle
06:34:01        all     21.78      0.00     15.84      0.00      0.00     62.38
06:34:02        all     22.00      0.00     15.00      0.00      0.00     63.00
06:34:03        all     22.00      0.00     16.00      0.00      0.00     62.00
06:34:04        all     23.53      0.00     17.65      0.00      0.00     58.82
06:34:05        all     24.74      0.00     14.43      0.00      0.00     60.82
06:34:06        all     29.59      0.00     13.27      0.00      0.00     57.14
06:34:07        all     23.47      0.00     17.35      0.00      0.00     59.18
06:34:08        all     28.87      0.00     13.40      0.00      0.00     57.73
06:34:09        all     30.10      0.00     16.50      0.00      0.00     53.40
06:34:10        all     29.29      0.00     16.16      0.00      0.00     54.55
06:34:11        all     31.96      0.00     13.40      0.00      0.00     54.64
06:34:12        all     30.00      0.00     11.00      0.00      0.00     59.00
06:34:13        all      1.02      0.00      0.00      0.00      0.00     98.98
06:34:14        all     14.43      0.00      5.15      0.00      0.00     80.41
06:34:15        all     67.33      0.00     21.78      0.00      0.00     10.89
06:34:16        all     42.42      0.00     16.16      0.00      0.00     41.41
06:34:17        all     34.02      0.00     14.43      0.00      0.00     51.55
06:34:18        all     36.36      0.00     15.15      0.00      0.00     48.48
06:34:19        all     32.65      0.00     19.39      0.00      0.00     47.96
06:34:20        all     36.08      0.00     15.46      0.00      0.00     48.45
06:34:21        all     37.50      0.00     15.62      0.00      0.00     46.88
06:34:22        all     39.39      0.00     17.17      0.00      0.00     43.43
06:34:23        all     63.00      0.00     23.00      0.00      0.00     14.00
06:34:24        all     83.00      0.00     17.00      0.00      0.00      0.00
06:34:25        all     87.13      0.00     12.87      0.00      0.00      0.00
06:34:26        all     87.88      0.00     12.12      0.00      0.00      0.00
06:34:27        all     97.03      0.00      2.97      0.00      0.00      0.00
06:34:28        all     56.00      0.00     38.00      0.00      0.00      6.00
06:34:29        all     54.64      0.00     30.93      0.00      0.00     14.43
06:34:30        all     51.02      0.00     31.63      0.00      0.00     17.35
06:34:31        all     60.20      0.00     24.49      0.00      0.00     15.31
06:34:32        all     35.64      0.00     17.82      0.00      0.00     46.53
06:34:33        all     29.90      0.00     16.49      0.00      0.00     53.61
06:34:34        all     29.29      0.00     16.16      0.00      0.00     54.55
06:34:35        all      5.05      0.00      2.02      0.00      0.00     92.93
06:34:36        all      0.00      0.00      1.02      0.00      0.00     98.98
06:34:37        all      0.00      0.00      0.00      0.00      0.00    100.00
06:34:38        all      0.00      0.00      1.02      0.00      0.00     98.98
06:34:39        all      1.02      0.00      2.04      0.00      0.00     96.94
06:34:40        all      0.00      0.00      0.00      0.00      0.00    100.00
Average:        all     35.12      0.00     14.27      0.00      0.00     50.61
