Linux 5.15.0-131-generic (be.magic-number.odbjtomcatpefs-pg0.wisc.cloudlab.us) 	08/25/25 	_x86_64_	(40 CPU)

06:47:00        CPU     %user     %nice   %system   %iowait    %steal     %idle
06:47:01        all      7.07      0.00      9.09      0.00      0.00     83.84
06:47:02        all      9.09      0.00      6.06      0.00      0.00     84.85
06:47:03        all     10.78      0.00     10.78      0.00      0.00     78.43
06:47:04        all      9.18      0.00      6.12      0.00      0.00     84.69
06:47:05        all      6.32      0.00      4.21      0.00      0.00     89.47
06:47:06        all      9.80      0.00      7.84      0.98      0.00     81.37
06:47:07        all      7.07      0.00      9.09      0.00      0.00     83.84
06:47:08        all      6.06      0.00      7.07      0.00      0.00     86.87
06:47:09        all     16.33      0.00     13.27      0.00      0.00     70.41
06:47:10        all     10.53      0.00     11.58      0.00      0.00     77.89
06:47:11        all      9.57      0.00      8.51      0.00      0.00     81.91
06:47:12        all      9.00      0.00      7.00      0.00      0.00     84.00
06:47:13        all      7.00      0.00      9.00      0.00      0.00     84.00
06:47:14        all      9.47      0.00      3.16      0.00      0.00     87.37
06:47:15        all     11.11      0.00      9.09      0.00      0.00     79.80
06:47:16        all     10.78      0.00      9.80      0.00      0.00     79.41
06:47:17        all      7.00      0.00      9.00      0.00      0.00     84.00
06:47:18        all      9.18      0.00      9.18      0.00      0.00     81.63
06:47:19        all     11.11      0.00      6.06      0.00      0.00     82.83
06:47:20        all      4.95      0.00      5.94      0.00      0.00     89.11
06:47:21        all      0.00      0.00      0.00      0.00      0.00    100.00
06:47:22        all      0.00      0.00      0.00      0.00      0.00    100.00
06:47:23        all      0.00      0.00      0.00      0.00      0.00    100.00
06:47:24        all      5.05      0.00      8.08      0.00      0.00     86.87
06:47:25        all     22.68      0.00     29.90      0.00      0.00     47.42
06:47:26        all     22.77      0.00     27.72      0.00      0.00     49.50
06:47:27        all     19.59      0.00     18.56      0.00      0.00     61.86
06:47:28        all     10.10      0.00     11.11      0.00      0.00     78.79
06:47:29        all      7.14      0.00      4.08      0.00      0.00     88.78
06:47:30        all      3.45      0.00      4.60      0.00      0.00     91.95
06:47:31        all      3.45      0.00      5.75      0.00      0.00     90.80
06:47:32        all      2.17      0.00      2.17      0.00      0.00     95.65
06:47:33        all      3.00      0.00      3.00      0.00      0.00     94.00
06:47:34        all     24.51      0.00     30.39      0.00      0.00     45.10
06:47:35        all     29.13      0.00     28.16      0.00      0.00     42.72
06:47:36        all      1.00      0.00      3.00      0.00      0.00     96.00
06:47:37        all      0.99      0.00      0.00      0.00      0.00     99.01
06:47:38        all      0.00      0.00      0.00      0.00      0.00    100.00
06:47:39        all      0.00      0.00      0.00      0.00      0.00    100.00
06:47:40        all      0.00      0.00      0.00      0.00      0.00    100.00
Average:        all      8.47      0.00      8.52      0.03      0.00     82.99
