Linux 5.15.0-131-generic (be.magic-number.odbjtomcatpefs-pg0.wisc.cloudlab.us) 	08/25/25 	_x86_64_	(40 CPU)

07:04:00        CPU     %user     %nice   %system   %iowait    %steal     %idle
07:04:01        all      6.19      0.00      7.22      0.00      0.00     86.60
07:04:02        all     15.00      0.00      8.00      0.00      0.00     77.00
07:04:03        all     21.57      0.00      9.80      0.00      0.00     68.63
07:04:04        all      8.33      0.00      6.25      0.00      0.00     85.42
07:04:05        all      5.15      0.00      9.28      0.00      0.00     85.57
07:04:06        all      6.45      0.00      3.23      0.00      0.00     90.32
07:04:07        all      6.06      0.00      9.09      0.00      0.00     84.85
07:04:08        all      7.00      0.00      9.00      0.00      0.00     84.00
07:04:09        all      8.16      0.00      6.12      0.00      0.00     85.71
07:04:10        all      7.14      0.00      8.16      0.00      0.00     84.69
07:04:11        all      7.92      0.00      9.90      0.00      0.00     82.18
07:04:12        all      6.12      0.00      9.18      0.00      0.00     84.69
07:04:13        all      8.08      0.00      7.07      0.00      0.00     84.85
07:04:14        all      1.02      0.00      2.04      0.00      0.00     96.94
07:04:15        all      2.97      0.00      1.98      0.00      0.00     95.05
07:04:16        all      4.12      0.00      3.09      0.00      0.00     92.78
07:04:17        all     14.85      0.00     11.88      0.00      0.00     73.27
07:04:18        all     11.30      0.00     13.91      0.00      0.00     74.78
07:04:19        all     14.41      0.00     14.41      0.00      0.00     71.17
07:04:20        all     23.36      0.00     26.17      0.00      0.00     50.47
07:04:21        all     25.77      0.00     18.56      0.00      0.00     55.67
07:04:22        all     11.65      0.00     12.62      0.00      0.00     75.73
07:04:23        all      6.32      0.00      5.26      0.00      0.00     88.42
07:04:24        all      5.10      0.00      9.18      0.00      0.00     85.71
07:04:25        all      9.00      0.00      7.00      0.00      0.00     84.00
07:04:26        all      8.91      0.00      7.92      0.00      0.00     83.17
07:04:27        all      7.14      0.00      8.16      0.00      0.00     84.69
07:04:28        all      9.38      0.00      7.29      0.00      0.00     83.33
07:04:29        all      7.92      0.00      8.91      0.00      0.00     83.17
07:04:30        all      5.10      0.00      9.18      0.00      0.00     85.71
07:04:31        all      7.84      0.00      9.80      0.00      0.00     82.35
07:04:32        all      7.07      0.00      8.08      0.00      0.00     84.85
07:04:33        all      8.00      0.00      9.00      0.00      0.00     83.00
07:04:34        all      6.93      0.00      9.90      0.00      0.00     83.17
07:04:35        all      8.25      0.00      6.19      0.00      0.00     85.57
07:04:36        all      1.00      0.00      0.00      0.00      0.00     99.00
07:04:37        all      1.00      0.00      0.00      0.00      0.00     99.00
07:04:38        all      0.00      0.00      0.00      0.00      0.00    100.00
07:04:39        all      0.00      0.00      1.00      0.00      0.00     99.00
07:04:40        all      3.03      0.00      3.03      0.00      0.00     93.94
Average:        all      8.19      0.00      8.01      0.00      0.00     83.80
