Linux 5.15.0-131-generic (fe.magic-number.odbjtomcatpefs-pg0.wisc.cloudlab.us) 	08/25/25 	_x86_64_	(40 CPU)

06:30:00        CPU     %user     %nice   %system   %iowait    %steal     %idle
06:30:01        all     32.67      0.00     10.89      0.00      0.00     56.44
06:30:02        all     27.72      0.00     12.87      0.00      0.00     59.41
06:30:03        all     30.69      0.00     17.82      0.00      0.00     51.49
06:30:04        all     25.00      0.00     15.00      0.00      0.00     60.00
06:30:05        all     35.29      0.00     17.65      0.00      0.00     47.06
06:30:06        all     30.39      0.00     12.75      0.00      0.00     56.86
06:30:07        all     28.12      0.00     12.50      0.00      0.00     59.38
06:30:08        all     25.00      0.00     20.00      0.00      0.00     55.00
06:30:09        all     35.29      0.00     17.65      0.00      0.00     47.06
06:30:10        all     31.96      0.00     13.40      0.00      0.00     54.64
06:30:11        all     27.27      0.00     18.18      0.00      0.00     54.55
06:30:12        all     30.39      0.00     18.63      0.00      0.00     50.98
06:30:13        all     35.42      0.00     15.62      0.00      0.00     48.96
06:30:14        all      7.07      0.00      3.03      0.00      0.00     89.90
06:30:15        all      9.28      0.00      4.12      0.00      0.00     86.60
06:30:16        all     30.30      0.00     13.13      0.00      0.00     56.57
06:30:17        all     58.00      0.00     33.00      0.00      0.00      9.00
06:30:18        all     35.64      0.00     15.84      0.00      0.00     48.51
06:30:19        all     35.35      0.00     17.17      0.00      0.00     47.47
06:30:20        all     58.82      0.00     29.41      0.00      0.00     11.76
06:30:21        all     75.00      0.00     25.00      0.00      0.00      0.00
06:30:22        all     83.84      0.00     16.16      0.00      0.00      0.00
06:30:23        all     88.00      0.00     12.00      0.00      0.00      0.00
06:30:24        all     77.00      0.00     23.00      0.00      0.00      0.00
06:30:25        all     57.14      0.00     31.63      0.00      0.00     11.22
06:30:26        all     59.41      0.00     26.73      0.00      0.00     13.86
06:30:27        all     86.14      0.00     10.89      0.00      0.00      2.97
06:30:28        all     55.10      0.00     21.43      0.00      0.00     23.47
06:30:29        all     30.00      0.00     15.00      0.00      0.00     55.00
06:30:30        all     29.59      0.00     16.33      0.00      0.00     54.08
06:30:31        all     29.70      0.00     21.78      0.00      0.00     48.51
06:30:32        all     34.02      0.00     13.40      0.00      0.00     52.58
06:30:33        all     32.32      0.00     16.16      0.00      0.00     51.52
06:30:34        all     34.31      0.00     16.67      0.00      0.00     49.02
06:30:35        all     31.25      0.00     17.71      0.00      0.00     51.04
06:30:36        all      8.08      0.00      4.04      0.00      0.00     87.88
06:30:37        all      2.06      0.00      0.00      0.00      0.00     97.94
06:30:38        all      0.00      0.00      1.02      0.00      0.00     98.98
06:30:39        all      0.00      0.00      0.00      0.00      0.00    100.00
06:30:40        all     11.34      0.00      1.03      0.00      0.00     87.63
Average:        all     36.48      0.00     15.27      0.00      0.00     48.25
