Linux 5.15.0-131-generic (is.magic-number.odbjtomcatpefs-pg0.wisc.cloudlab.us) 	08/25/25 	_x86_64_	(40 CPU)

06:45:00        CPU     %user     %nice   %system   %iowait    %steal     %idle
06:45:01        all     27.27      0.00     11.11      0.00      0.00     61.62
06:45:02        all     24.24      0.00     16.16      0.00      0.00     59.60
06:45:03        all     23.23      0.00     17.17      0.00      0.00     59.60
06:45:04        all     25.25      0.00     16.16      0.00      0.00     58.59
06:45:05        all     26.26      0.00     16.16      0.00      0.00     57.58
06:45:06        all     29.59      0.00     12.24      0.00      0.00     58.16
06:45:07        all     34.00      0.00     17.00      0.00      0.00     49.00
06:45:08        all     18.27      0.00     10.58      0.00      0.00     71.15
06:45:09        all     39.22      0.00     27.45      0.00      0.00     33.33
06:45:10        all     40.59      0.00     23.76      0.00      0.00     35.64
06:45:11        all     37.00      0.00     18.00      0.00      0.00     45.00
06:45:12        all     30.61      0.00     18.37      0.00      0.00     51.02
06:45:13        all     35.64      0.00     14.85      0.00      0.00     49.50
06:45:14        all     35.00      0.00     18.00      0.00      0.00     47.00
06:45:15        all     39.39      0.00     12.12      0.00      0.00     48.48
06:45:16        all     37.25      0.00     18.63      0.00      0.00     44.12
06:45:17        all     37.37      0.00     16.16      2.02      0.00     44.44
06:45:18        all     37.76      0.00     15.31      0.00      0.00     46.94
06:45:19        all     41.41      0.00     15.15      0.00      0.00     43.43
06:45:20        all     70.00      0.00     17.00      0.00      0.00     13.00
06:45:21        all     93.94      0.00      6.06      0.00      0.00      0.00
06:45:22        all     83.17      0.00     16.83      0.00      0.00      0.00
06:45:23        all     86.00      0.00     14.00      0.00      0.00      0.00
06:45:24        all     62.38      0.00     30.69      0.00      0.00      6.93
06:45:25        all     60.00      0.00     34.00      0.00      0.00      6.00
06:45:26        all     53.12      0.00     19.79      0.00      0.00     27.08
06:45:27        all     36.00      0.00     23.00      0.00      0.00     41.00
06:45:28        all     34.65      0.00     14.85      0.00      0.00     50.50
06:45:29        all     32.32      0.00     17.17      0.00      0.00     50.51
06:45:30        all     11.88      0.00     12.87      0.00      0.00     75.25
06:45:31        all      9.09      0.00     14.14      0.00      0.00     76.77
06:45:32        all     11.43      0.00     12.38      0.00      0.00     76.19
06:45:33        all      1.01      0.00      3.03      0.00      0.00     95.96
06:45:34        all      7.14      0.00      6.12      0.00      0.00     86.73
06:45:35        all     35.71      0.00     19.39      0.00      0.00     44.90
06:45:36        all      8.16      0.00      3.06      0.00      0.00     88.78
06:45:37        all      0.00      0.00      0.00      0.00      0.00    100.00
06:45:38        all      0.00      0.00      1.01      0.00      0.00     98.99
06:45:39        all      0.00      0.00      0.00      0.00      0.00    100.00
06:45:40        all      1.01      0.00      0.00      0.00      0.00     98.99
Average:        all     32.96      0.00     14.53      0.05      0.00     52.46
