Linux 5.15.0-131-generic (be.magic-number.odbjtomcatpefs-pg0.wisc.cloudlab.us) 	08/25/25 	_x86_64_	(40 CPU)

10:02:00        CPU     %user     %nice   %system   %iowait    %steal     %idle
10:02:01        all     22.55      0.00      9.80      0.00      0.00     67.65
10:02:02        all     20.00      0.00     18.95      0.00      0.00     61.05
10:02:03        all     16.33      0.00     23.47      0.00      0.00     60.20
10:02:04        all     22.11      0.00     21.05      0.00      0.00     56.84
10:02:05        all     18.18      0.00     19.19      0.00      0.00     62.63
10:02:06        all     10.31      0.00     12.37      0.00      0.00     77.32
10:02:07        all     17.31      0.00     17.31      0.00      0.00     65.38
10:02:08        all     12.24      0.00     13.27      0.00      0.00     74.49
10:02:09        all      8.16      0.00     10.20      0.00      0.00     81.63
10:02:10        all      5.49      0.00      9.89      0.00      0.00     84.62
10:02:11        all      6.10      0.00      9.76      0.00      0.00     84.15
10:02:12        all     18.37      0.00     25.51      0.00      0.00     56.12
10:02:13        all     18.56      0.00     26.80      0.00      0.00     54.64
10:02:14        all     20.20      0.00     25.25      0.00      0.00     54.55
10:02:15        all     19.61      0.00     17.65      0.00      0.00     62.75
10:02:16        all      0.00      0.00      1.00      0.00      0.00     99.00
10:02:17        all      3.12      0.00      3.12      0.00      0.00     93.75
10:02:18        all     17.31      0.00     20.19      0.00      0.00     62.50
10:02:19        all     10.53      0.00      9.47      0.00      0.00     80.00
10:02:20        all      6.74      0.00      6.74      0.00      0.00     86.52
10:02:21        all      7.06      0.00      9.41      0.00      0.00     83.53
10:02:22        all     15.56      0.00     16.67      0.00      0.00     67.78
10:02:23        all     21.43      0.00     25.51      0.00      0.00     53.06
10:02:24        all     19.79      0.00     23.96      0.00      0.00     56.25
10:02:25        all     18.81      0.00     24.75      0.00      0.00     56.44
10:02:26        all      7.00      0.00      9.00      0.00      0.00     84.00
10:02:27        all      3.00      0.00      6.00      0.00      0.00     91.00
10:02:28        all      5.00      0.00      4.00      0.00      0.00     91.00
10:02:29        all     15.00      0.00     16.00      0.00      0.00     69.00
10:02:30        all      2.15      0.00      2.15      0.00      0.00     95.70
10:02:31        all     15.56      0.00     10.00      0.00      0.00     74.44
10:02:32        all      5.62      0.00     11.24      0.00      0.00     83.15
10:02:33        all     19.59      0.00     26.80      0.00      0.00     53.61
10:02:34        all     19.79      0.00     26.04      0.00      0.00     54.17
10:02:35        all     19.59      0.00     23.71      0.00      0.00     56.70
10:02:36        all      6.00      0.00      2.00      0.00      0.00     92.00
10:02:37        all      0.00      0.00      0.99      0.00      0.00     99.01
10:02:38        all      0.00      0.00      0.00      0.00      0.00    100.00
10:02:39        all      0.00      0.00      0.00      0.00      0.00    100.00
10:02:40        all      0.00      0.00      1.98      0.00      0.00     98.02
Average:        all     11.91      0.00     13.56      0.00      0.00     74.54
