Linux 5.15.0-131-generic (fe.magic-number.odbjtomcatpefs-pg0.wisc.cloudlab.us) 	08/25/25 	_x86_64_	(40 CPU)

06:45:00        CPU     %user     %nice   %system   %iowait    %steal     %idle
06:45:01        all     53.06      0.00     14.29      0.00      0.00     32.65
06:45:02        all     28.57      0.00     20.41      0.00      0.00     51.02
06:45:03        all     26.53      0.00     18.37      0.00      0.00     55.10
06:45:04        all     34.00      0.00     18.00      0.00      0.00     48.00
06:45:05        all     47.52      0.00     15.84      0.00      0.00     36.63
06:45:06        all     57.00      0.00     15.00      1.00      0.00     27.00
06:45:07        all     35.00      0.00     18.00      0.00      0.00     47.00
06:45:08        all     74.75      0.00     12.12      0.00      0.00     13.13
06:45:09        all     80.81      0.00     18.18      0.00      0.00      1.01
06:45:10        all     69.31      0.00     25.74      0.00      0.00      4.95
06:45:11        all     30.93      0.00     17.53      0.00      0.00     51.55
06:45:12        all     24.49      0.00     16.33      0.00      0.00     59.18
06:45:13        all     33.33      0.00     17.17      0.00      0.00     49.49
06:45:14        all     23.16      0.00     18.95      0.00      0.00     57.89
06:45:15        all     25.51      0.00     18.37      0.00      0.00     56.12
06:45:16        all     28.57      0.00     19.39      0.00      0.00     52.04
06:45:17        all     32.29      0.00     12.50      0.00      0.00     55.21
06:45:18        all     32.32      0.00     15.15      0.00      0.00     52.53
06:45:19        all     31.63      0.00     17.35      0.00      0.00     51.02
06:45:20        all     19.39      0.00      7.14      2.04      0.00     71.43
06:45:21        all      0.00      0.00      1.02      0.00      0.00     98.98
06:45:22        all      1.02      0.00      0.00      0.00      0.00     98.98
06:45:23        all      0.00      0.00      0.00      0.00      0.00    100.00
06:45:24        all     47.52      0.00     23.76      0.00      0.00     28.71
06:45:25        all     71.00      0.00     29.00      0.00      0.00      0.00
06:45:26        all     83.00      0.00     17.00      0.00      0.00      0.00
06:45:27        all     50.00      0.00     18.00      0.00      0.00     32.00
06:45:28        all     40.59      0.00     19.80      0.00      0.00     39.60
06:45:29        all     41.00      0.00     18.00      0.00      0.00     41.00
06:45:30        all     71.00      0.00     18.00      0.00      0.00     11.00
06:45:31        all     86.00      0.00     14.00      0.00      0.00      0.00
06:45:32        all     87.00      0.00     13.00      0.00      0.00      0.00
06:45:33        all     96.97      0.00      3.03      0.00      0.00      0.00
06:45:34        all     74.26      0.00     25.74      0.00      0.00      0.00
06:45:35        all     63.64      0.00     29.29      0.00      0.00      7.07
06:45:36        all      7.84      0.00      3.92      0.00      0.00     88.24
06:45:37        all      0.00      0.00      1.00      0.00      0.00     99.00
06:45:38        all      0.00      0.00      0.00      0.00      0.00    100.00
06:45:39        all      0.00      0.00      0.00      0.00      0.00    100.00
06:45:40        all      0.00      0.00      0.00      0.00      0.00    100.00
Average:        all     40.36      0.00     14.28      0.08      0.00     45.28
