Linux 5.15.0-131-generic (is.magic-number.odbjtomcatpefs-pg0.wisc.cloudlab.us) 	08/25/25 	_x86_64_	(40 CPU)

06:34:00        CPU     %user     %nice   %system   %iowait    %steal     %idle
06:34:01        all     29.70      0.00     12.87      0.00      0.00     57.43
06:34:02        all     27.27      0.00     15.15      0.00      0.00     57.58
06:34:03        all     29.00      0.00     14.00      0.00      0.00     57.00
06:34:04        all     30.30      0.00     14.14      0.00      0.00     55.56
06:34:05        all     28.00      0.00     17.00      0.00      0.00     55.00
06:34:06        all     33.00      0.00     14.00      0.00      0.00     53.00
06:34:07        all     29.29      0.00     18.18      0.00      0.00     52.53
06:34:08        all     32.32      0.00     16.16      0.00      0.00     51.52
06:34:09        all     33.33      0.00     16.16      0.00      0.00     50.51
06:34:10        all     33.00      0.00     17.00      0.00      0.00     50.00
06:34:11        all     34.69      0.00     16.33      0.00      0.00     48.98
06:34:12        all     57.43      0.00     15.84      0.00      0.00     26.73
06:34:13        all     86.00      0.00     14.00      0.00      0.00      0.00
06:34:14        all     81.82      0.00     18.18      0.00      0.00      0.00
06:34:15        all     63.00      0.00     36.00      0.00      0.00      1.00
06:34:16        all     30.00      0.00     21.00      0.00      0.00     49.00
06:34:17        all     25.51      0.00     18.37      0.00      0.00     56.12
06:34:18        all     27.00      0.00     18.00      0.00      0.00     55.00
06:34:19        all     29.70      0.00     16.83      0.00      0.00     53.47
06:34:20        all     32.32      0.00     13.13      0.00      0.00     54.55
06:34:21        all     32.65      0.00     15.31      0.00      0.00     52.04
06:34:22        all     34.00      0.00     16.00      0.00      0.00     50.00
06:34:23        all     20.41      0.00      9.18      0.00      0.00     70.41
06:34:24        all     12.63      0.00     10.53      0.00      0.00     76.84
06:34:25        all     11.88      0.00      8.91      0.00      0.00     79.21
06:34:26        all      3.00      0.00      7.00      0.00      0.00     90.00
06:34:27        all      0.00      0.00      1.01      0.00      0.00     98.99
06:34:28        all     30.30      0.00      8.08      0.00      0.00     61.62
06:34:29        all     71.72      0.00     26.26      0.00      0.00      2.02
06:34:30        all     67.00      0.00     33.00      0.00      0.00      0.00
06:34:31        all     73.74      0.00     26.26      0.00      0.00      0.00
06:34:32        all     48.00      0.00     17.00      0.00      0.00     35.00
06:34:33        all     44.44      0.00     12.12      0.00      0.00     43.43
06:34:34        all     41.24      0.00     15.46      0.00      0.00     43.30
06:34:35        all     77.23      0.00     19.80      0.00      0.00      2.97
06:34:36        all     90.91      0.00      9.09      0.00      0.00      0.00
06:34:37        all     91.09      0.00      8.91      0.00      0.00      0.00
06:34:38        all     96.00      0.00      4.00      0.00      0.00      0.00
06:34:39        all     62.63      0.00     36.36      0.00      0.00      1.01
06:34:40        all      3.00      0.00      1.00      0.00      0.00     96.00
Average:        all     42.18      0.00     15.69      0.00      0.00     42.13
