Linux 5.15.0-131-generic (fe.magic-number.odbjtomcatpefs-pg0.wisc.cloudlab.us) 	08/25/25 	_x86_64_	(40 CPU)

07:02:00        CPU     %user     %nice   %system   %iowait    %steal     %idle
07:02:01        all     62.63      0.00     13.13      0.00      0.00     24.24
07:02:02        all     48.45      0.00     17.53      0.00      0.00     34.02
07:02:03        all     37.25      0.00     21.57      0.00      0.00     41.18
07:02:04        all     39.22      0.00     24.51      0.00      0.00     36.27
07:02:05        all     23.23      0.00     16.16      0.00      0.00     60.61
07:02:06        all     24.75      0.00     17.82      0.00      0.00     57.43
07:02:07        all     22.22      0.00     20.20      0.00      0.00     57.58
07:02:08        all     23.00      0.00     19.00      0.00      0.00     58.00
07:02:09        all     28.00      0.00     16.00      0.00      0.00     56.00
07:02:10        all     27.55      0.00     17.35      0.00      0.00     55.10
07:02:11        all     30.69      0.00     15.84      0.00      0.00     53.47
07:02:12        all     27.84      0.00     17.53      0.00      0.00     54.64
07:02:13        all     30.10      0.00     19.42      0.00      0.00     50.49
07:02:14        all     31.31      0.00     17.17      0.00      0.00     51.52
07:02:15        all     35.00      0.00     15.00      0.00      0.00     50.00
07:02:16        all     32.65      0.00     17.35      0.00      0.00     50.00
07:02:17        all     35.71      0.00     15.31      0.00      0.00     48.98
07:02:18        all     37.50      0.00     13.54      0.00      0.00     48.96
07:02:19        all     36.46      0.00     14.58      0.00      0.00     48.96
07:02:20        all     36.46      0.00     15.62      0.00      0.00     47.92
07:02:21        all     34.69      0.00     20.41      0.00      0.00     44.90
07:02:22        all     38.54      0.00     17.71      0.00      0.00     43.75
07:02:23        all     42.00      0.00     19.00      0.00      0.00     39.00
07:02:24        all     85.86      0.00     11.11      0.00      0.00      3.03
07:02:25        all     89.00      0.00     11.00      0.00      0.00      0.00
07:02:26        all     89.00      0.00     11.00      0.00      0.00      0.00
07:02:27        all     88.00      0.00     12.00      0.00      0.00      0.00
07:02:28        all     80.00      0.00     20.00      0.00      0.00      0.00
07:02:29        all     41.84      0.00     21.43      0.00      0.00     36.73
07:02:30        all     13.86      0.00     14.85      0.00      0.00     71.29
07:02:31        all      1.01      0.00      0.00      0.00      0.00     98.99
07:02:32        all      0.00      0.00      0.00      0.00      0.00    100.00
07:02:33        all      2.02      0.00      2.02      0.00      0.00     95.96
07:02:34        all     22.77      0.00     13.86      0.00      0.00     63.37
07:02:35        all     59.18      0.00     30.61      0.00      0.00     10.20
07:02:36        all      1.01      0.00      1.01      0.00      0.00     97.98
07:02:37        all      1.00      0.00      1.00      0.00      0.00     98.00
07:02:38        all      0.00      0.00      1.01      0.00      0.00     98.99
07:02:39        all      0.00      0.00      0.00      0.00      0.00    100.00
07:02:40        all      0.00      0.00      1.00      0.00      0.00     99.00
Average:        all     33.99      0.00     13.84      0.00      0.00     52.17
