Linux 5.15.0-131-generic (be.magic-number.odbjtomcatpefs-pg0.wisc.cloudlab.us) 	08/25/25 	_x86_64_	(40 CPU)

06:45:00        CPU     %user     %nice   %system   %iowait    %steal     %idle
06:45:01        all      6.12      0.00      9.18      0.00      0.00     84.69
06:45:02        all     12.12      0.00     10.10      0.00      0.00     77.78
06:45:03        all      8.00      0.00      8.00      0.00      0.00     84.00
06:45:04        all     10.89      0.00      5.94      0.00      0.00     83.17
06:45:05        all      6.93      0.00     10.89      1.98      0.00     80.20
06:45:06        all      8.91      0.00      9.90      0.00      0.00     81.19
06:45:07        all      8.08      0.00     10.10      0.00      0.00     81.82
06:45:08        all      2.02      0.00      2.02      0.00      0.00     95.96
06:45:09        all      9.28      0.00      9.28      0.00      0.00     81.44
06:45:10        all     10.10      0.00      8.08      0.00      0.00     81.82
06:45:11        all     11.22      0.00     12.24      0.00      0.00     76.53
06:45:12        all     11.00      0.00      8.00      0.00      0.00     81.00
06:45:13        all      8.16      0.00      9.18      0.00      0.00     82.65
06:45:14        all      9.57      0.00      5.32      0.00      0.00     85.11
06:45:15        all      6.19      0.00      8.25      0.00      0.00     85.57
06:45:16        all      7.92      0.00      8.91      0.00      0.00     83.17
06:45:17        all      9.18      0.00      6.12      0.00      0.00     84.69
06:45:18        all      7.14      0.00      8.16      0.00      0.00     84.69
06:45:19        all      9.09      0.00      6.06      0.00      0.00     84.85
06:45:20        all      4.17      0.00      3.12      0.00      0.00     92.71
06:45:21        all      4.60      0.00      1.15      0.00      0.00     94.25
06:45:22        all      6.74      0.00      6.74      0.00      0.00     86.52
06:45:23        all      1.08      0.00      1.08      0.00      0.00     97.85
06:45:24        all     21.36      0.00     10.68      0.00      0.00     67.96
06:45:25        all     23.08      0.00     27.88      0.00      0.00     49.04
06:45:26        all      9.47      0.00     12.63      0.00      0.00     77.89
06:45:27        all     14.14      0.00     14.14      0.00      0.00     71.72
06:45:28        all     10.10      0.00      6.06      0.00      0.00     83.84
06:45:29        all      8.00      0.00      9.00      0.00      0.00     83.00
06:45:30        all      2.00      0.00      3.00      0.00      0.00     95.00
06:45:31        all      0.00      0.00      0.00      0.00      0.00    100.00
06:45:32        all      0.00      0.00      0.00      0.00      0.00    100.00
06:45:33        all      0.00      0.00      0.00      0.00      0.00    100.00
06:45:34        all      1.01      0.00      1.01      0.00      0.00     97.98
06:45:35        all     12.12      0.00      8.08      0.00      0.00     79.80
06:45:36        all      1.02      0.00      2.04      0.00      0.00     96.94
06:45:37        all      2.00      0.00      0.00      0.00      0.00     98.00
06:45:38        all      0.00      0.00      0.00      0.00      0.00    100.00
06:45:39        all      0.00      0.00      0.00      0.00      0.00    100.00
06:45:40        all      0.00      0.00      0.99      0.00      0.00     99.01
Average:        all      7.11      0.00      6.63      0.05      0.00     86.20
