Linux 5.15.0-131-generic (is.magic-number.odbjtomcatpefs-pg0.wisc.cloudlab.us) 	08/25/25 	_x86_64_	(40 CPU)

06:32:00        CPU     %user     %nice   %system   %iowait    %steal     %idle
06:32:01        all     25.51      0.00     14.29      0.00      0.00     60.20
06:32:02        all     29.29      0.00     11.11      0.00      0.00     59.60
06:32:03        all     26.80      0.00     11.34      0.00      0.00     61.86
06:32:04        all     65.00      0.00      9.00      0.00      0.00     26.00
06:32:05        all     25.25      0.00     16.16      0.00      0.00     58.59
06:32:06        all     31.00      0.00     13.00      0.00      0.00     56.00
06:32:07        all     13.54      0.00     13.54      0.00      0.00     72.92
06:32:08        all     38.61      0.00     27.72      0.00      0.00     33.66
06:32:09        all     29.29      0.00     14.14      0.00      0.00     56.57
06:32:10        all     27.00      0.00     17.00      0.00      0.00     56.00
06:32:11        all     30.61      0.00     18.37      0.00      0.00     51.02
06:32:12        all     40.00      0.00     13.00      0.00      0.00     47.00
06:32:13        all     34.69      0.00     13.27      0.00      0.00     52.04
06:32:14        all     36.36      0.00     13.13      0.00      0.00     50.51
06:32:15        all     36.36      0.00     16.16      0.00      0.00     47.47
06:32:16        all     35.35      0.00     16.16      0.00      0.00     48.48
06:32:17        all     32.65      0.00     18.37      0.00      0.00     48.98
06:32:18        all     39.80      0.00     13.27      0.00      0.00     46.94
06:32:19        all     40.00      0.00     15.00      0.00      0.00     45.00
06:32:20        all     41.24      0.00     13.40      0.00      0.00     45.36
06:32:21        all     43.14      0.00     13.73      0.00      0.00     43.14
06:32:22        all     70.71      0.00     15.15      0.00      0.00     14.14
06:32:23        all     90.91      0.00      9.09      0.00      0.00      0.00
06:32:24        all     89.22      0.00     10.78      0.00      0.00      0.00
06:32:25        all     83.84      0.00     16.16      0.00      0.00      0.00
06:32:26        all     72.73      0.00     27.27      0.00      0.00      0.00
06:32:27        all     58.59      0.00     35.35      0.00      0.00      6.06
06:32:28        all     63.00      0.00     31.00      0.00      0.00      6.00
06:32:29        all     46.46      0.00     26.26      0.00      0.00     27.27
06:32:30        all     35.71      0.00     12.24      0.00      0.00     52.04
06:32:31        all      7.53      0.00      5.38      0.00      0.00     87.10
06:32:32        all      6.59      0.00      4.40      0.00      0.00     89.01
06:32:33        all      8.60      0.00      8.60      0.00      0.00     82.80
06:32:34        all      2.02      0.00      2.02      0.00      0.00     95.96
06:32:35        all      4.08      0.00      0.00      0.00      0.00     95.92
06:32:36        all      8.25      0.00      2.06      0.00      0.00     89.69
06:32:37        all      1.00      0.00      1.00      0.00      0.00     98.00
06:32:38        all      0.00      0.00      1.00      0.00      0.00     99.00
06:32:39        all      0.00      0.00      1.01      0.00      0.00     98.99
06:32:40        all      0.00      0.00      0.00      0.00      0.00    100.00
Average:        all     34.50      0.00     13.05      0.00      0.00     52.45
