Linux 5.15.0-131-generic (fe.magic-number.odbjtomcatpefs-pg0.wisc.cloudlab.us) 	08/25/25 	_x86_64_	(40 CPU)

06:32:00        CPU     %user     %nice   %system   %iowait    %steal     %idle
06:32:01        all     27.27      0.00     16.16      0.00      0.00     56.57
06:32:02        all     25.25      0.00     15.15      0.00      0.00     59.60
06:32:03        all     28.57      0.00     13.27      0.00      0.00     58.16
06:32:04        all     29.59      0.00     14.29      0.00      0.00     56.12
06:32:05        all     27.55      0.00     16.33      0.00      0.00     56.12
06:32:06        all     41.75      0.00     16.50      0.00      0.00     41.75
06:32:07        all     82.00      0.00     18.00      0.00      0.00      0.00
06:32:08        all     70.00      0.00     24.00      0.00      0.00      6.00
06:32:09        all     50.51      0.00     20.20      0.00      0.00     29.29
06:32:10        all     23.53      0.00     16.67      0.00      0.00     59.80
06:32:11        all     27.72      0.00     14.85      0.00      0.00     57.43
06:32:12        all     25.51      0.00     15.31      0.00      0.00     59.18
06:32:13        all     28.00      0.00     14.00      0.00      0.00     58.00
06:32:14        all     27.72      0.00     16.83      0.00      0.00     55.45
06:32:15        all     40.00      0.00     16.00      0.00      0.00     44.00
06:32:16        all     38.78      0.00     13.27      0.00      0.00     47.96
06:32:17        all     29.59      0.00     15.31      0.00      0.00     55.10
06:32:18        all     29.00      0.00     19.00      0.00      0.00     52.00
06:32:19        all     29.29      0.00     18.18      0.00      0.00     52.53
06:32:20        all     35.05      0.00     13.40      0.00      0.00     51.55
06:32:21        all     29.29      0.00     20.20      0.00      0.00     50.51
06:32:22        all     19.39      0.00      7.14      0.00      0.00     73.47
06:32:23        all      5.05      0.00      3.03      0.00      0.00     91.92
06:32:24        all      0.00      0.00      0.00      0.00      0.00    100.00
06:32:25        all      0.00      0.00      1.02      0.00      0.00     98.98
06:32:26        all      3.06      0.00      4.08      0.00      0.00     92.86
06:32:27        all     72.28      0.00     27.72      0.00      0.00      0.00
06:32:28        all     70.41      0.00     29.59      0.00      0.00      0.00
06:32:29        all     51.49      0.00     25.74      0.00      0.00     22.77
06:32:30        all     53.12      0.00     12.50      0.00      0.00     34.38
06:32:31        all     76.24      0.00     23.76      0.00      0.00      0.00
06:32:32        all     89.90      0.00     10.10      0.00      0.00      0.00
06:32:33        all     90.10      0.00      9.90      0.00      0.00      0.00
06:32:34        all     92.00      0.00      8.00      0.00      0.00      0.00
06:32:35        all     94.00      0.00      6.00      0.00      0.00      0.00
06:32:36        all     26.73      0.00     24.75      0.00      0.00     48.51
06:32:37        all      0.00      0.00      0.00      0.00      0.00    100.00
06:32:38        all      0.00      0.00      0.00      0.00      0.00    100.00
06:32:39        all      1.00      0.00      1.00      0.00      0.00     98.00
06:32:40        all      0.00      0.00      1.00      0.00      0.00     99.00
Average:        all     37.37      0.00     13.59      0.00      0.00     49.04
