Linux 5.15.0-131-generic (is.magic-number.odbjtomcatpefs-pg0.wisc.cloudlab.us) 	08/25/25 	_x86_64_	(40 CPU)

07:02:00        CPU     %user     %nice   %system   %iowait    %steal     %idle
07:02:01        all     37.00      0.00     13.00      0.00      0.00     50.00
07:02:02        all     34.34      0.00     15.15      0.00      0.00     50.51
07:02:03        all     29.29      0.00     16.16      0.00      0.00     54.55
07:02:04        all     34.95      0.00     15.53      0.00      0.00     49.51
07:02:05        all     46.46      0.00     17.17      0.00      0.00     36.36
07:02:06        all     67.68      0.00     19.19      0.00      0.00     13.13
07:02:07        all     70.71      0.00     19.19      0.00      0.00     10.10
07:02:08        all     57.58      0.00     18.18      0.00      0.00     24.24
07:02:09        all     26.26      0.00     15.15      0.00      0.00     58.59
07:02:10        all     25.25      0.00     18.18      0.00      0.00     56.57
07:02:11        all     27.55      0.00     16.33      0.00      0.00     56.12
07:02:12        all     32.67      0.00     13.86      0.00      0.00     53.47
07:02:13        all     31.31      0.00     15.15      0.00      0.00     53.54
07:02:14        all     29.29      0.00     17.17      0.00      0.00     53.54
07:02:15        all     33.00      0.00     16.00      0.00      0.00     51.00
07:02:16        all     34.65      0.00     16.83      0.00      0.00     48.51
07:02:17        all     34.69      0.00     15.31      0.00      0.00     50.00
07:02:18        all     36.36      0.00     15.15      0.00      0.00     48.48
07:02:19        all     39.00      0.00     14.00      0.00      0.00     47.00
07:02:20        all     38.78      0.00     14.29      0.00      0.00     46.94
07:02:21        all     36.00      0.00     19.00      0.00      0.00     45.00
07:02:22        all     39.00      0.00     18.00      0.00      0.00     43.00
07:02:23        all     43.43      0.00     13.13      0.00      0.00     43.43
07:02:24        all     16.04      0.00     16.04      0.00      0.00     67.92
07:02:25        all     16.38      0.00     17.24      0.00      0.00     66.38
07:02:26        all     16.52      0.00     17.39      0.00      0.00     66.09
07:02:27        all      5.83      0.00      5.83      0.00      0.00     88.35
07:02:28        all      2.06      0.00      0.00      0.00      0.00     97.94
07:02:29        all     71.29      0.00     27.72      0.00      0.00      0.99
07:02:30        all     87.76      0.00     12.24      0.00      0.00      0.00
07:02:31        all     85.15      0.00     14.85      0.00      0.00      0.00
07:02:32        all     90.00      0.00     10.00      0.00      0.00      0.00
07:02:33        all     86.00      0.00     14.00      0.00      0.00      0.00
07:02:34        all     68.00      0.00     32.00      0.00      0.00      0.00
07:02:35        all     64.65      0.00     35.35      0.00      0.00      0.00
07:02:36        all      4.04      0.00      1.01      0.00      0.00     94.95
07:02:37        all      0.00      0.00      1.00      0.00      0.00     99.00
07:02:38        all      0.00      0.00      0.00      0.00      0.00    100.00
07:02:39        all      0.00      0.00      0.00      0.00      0.00    100.00
07:02:40        all      0.00      0.00      0.00      0.00      0.00    100.00
Average:        all     37.30      0.00     14.43      0.00      0.00     48.27
