Linux 5.15.0-131-generic (be.magic-number.odbjtomcatpefs-pg0.wisc.cloudlab.us) 	08/25/25 	_x86_64_	(40 CPU)

06:49:00        CPU     %user     %nice   %system   %iowait    %steal     %idle
06:49:01        all      7.00      0.00     10.00      0.00      0.00     83.00
06:49:02        all      5.21      0.00      7.29      0.00      0.00     87.50
06:49:03        all      6.19      0.00      8.25      0.00      0.00     85.57
06:49:04        all      5.88      0.00     11.76      0.00      0.00     82.35
06:49:05        all      7.92      0.00      8.91      0.00      0.00     83.17
06:49:06        all      5.00      0.00      5.00      0.00      0.00     90.00
06:49:07        all      8.25      0.00     11.34      0.00      0.00     80.41
06:49:08        all      7.14      0.00     10.20      0.00      0.00     82.65
06:49:09        all      8.25      0.00      5.15      0.00      0.00     86.60
06:49:10        all      8.00      0.00      8.00      0.00      0.00     84.00
06:49:11        all      7.14      0.00      8.16      0.00      0.00     84.69
06:49:12        all     13.13      0.00      7.07      0.00      0.00     79.80
06:49:13        all      6.06      0.00      9.09      0.00      0.00     84.85
06:49:14        all      1.98      0.00      1.98      0.00      0.00     96.04
06:49:15        all     11.34      0.00      4.12      0.00      0.00     84.54
06:49:16        all     12.63      0.00      5.26      0.00      0.00     82.11
06:49:17        all      1.02      0.00      1.02      0.00      0.00     97.96
06:49:18        all      0.00      0.00      0.00      0.00      0.00    100.00
06:49:19        all      0.00      0.00      0.00      0.00      0.00    100.00
06:49:20        all      0.00      0.00      0.00      0.00      0.00    100.00
06:49:21        all      0.00      0.00      0.00      0.00      0.00    100.00
06:49:22        all     22.92      0.00     26.04      0.00      0.00     51.04
06:49:23        all     28.87      0.00     23.71      0.00      0.00     47.42
06:49:24        all     14.58      0.00     19.79      0.00      0.00     65.62
06:49:25        all     26.88      0.00     22.58      0.00      0.00     50.54
06:49:26        all     12.24      0.00     14.29      0.00      0.00     73.47
06:49:27        all      9.71      0.00      9.71      0.00      0.00     80.58
06:49:28        all      0.00      0.00      0.00      0.00      0.00    100.00
06:49:29        all      0.00      0.00      0.00      0.00      0.00    100.00
06:49:30        all      0.00      0.00      0.00      0.00      0.00    100.00
06:49:31        all      0.00      0.00      0.00      0.00      0.00    100.00
06:49:32        all      0.00      0.00      0.00      0.00      0.00    100.00
06:49:33        all      0.00      0.00      0.00      0.00      0.00    100.00
06:49:34        all     17.82      0.00     20.79      0.00      0.00     61.39
06:49:35        all     12.24      0.00     17.35      0.00      0.00     70.41
06:49:36        all      0.99      0.00      2.97      0.00      0.00     96.04
06:49:37        all      0.00      0.00      0.00      0.00      0.00    100.00
06:49:38        all      2.00      0.00      2.00      0.00      0.00     96.00
06:49:39        all      2.02      0.00      0.00      0.00      0.00     97.98
06:49:40        all      2.00      0.00      0.00      0.00      0.00     98.00
Average:        all      6.78      0.00      6.99      0.00      0.00     86.23
