Linux 5.15.0-131-generic (is.magic-number.odbjtomcatpefs-pg0.wisc.cloudlab.us) 	08/25/25 	_x86_64_	(40 CPU)

06:47:00        CPU     %user     %nice   %system   %iowait    %steal     %idle
06:47:01        all     32.32      0.00     11.11      0.00      0.00     56.57
06:47:02        all     30.30      0.00     12.12      0.00      0.00     57.58
06:47:03        all     33.33      0.00     11.11      0.00      0.00     55.56
06:47:04        all     29.00      0.00     17.00      0.00      0.00     54.00
06:47:05        all     31.31      0.00     16.16      0.00      0.00     52.53
06:47:06        all     33.33      0.00     16.16      0.00      0.00     50.51
06:47:07        all     29.00      0.00     21.00      0.00      0.00     50.00
06:47:08        all     59.80      0.00     13.73      0.00      0.00     26.47
06:47:09        all     77.00      0.00     23.00      0.00      0.00      0.00
06:47:10        all     74.00      0.00     23.00      0.00      0.00      3.00
06:47:11        all     48.98      0.00     24.49      0.00      0.00     26.53
06:47:12        all     25.49      0.00     17.65      0.00      0.00     56.86
06:47:13        all     28.28      0.00     16.16      0.00      0.00     55.56
06:47:14        all     31.31      0.00     14.14      0.00      0.00     54.55
06:47:15        all     31.31      0.00     14.14      0.00      0.00     54.55
06:47:16        all     34.65      0.00     15.84      0.00      0.00     49.50
06:47:17        all     29.59      0.00     17.35      0.00      0.00     53.06
06:47:18        all     35.00      0.00     16.00      0.00      0.00     49.00
06:47:19        all     35.35      0.00     15.15      0.00      0.00     49.49
06:47:20        all     16.33      0.00     11.22      0.00      0.00     72.45
06:47:21        all      4.55      0.00      9.09      0.00      0.00     86.36
06:47:22        all      7.61      0.00      8.70      0.00      0.00     83.70
06:47:23        all      0.00      0.00      1.10      0.00      0.00     98.90
06:47:24        all     26.53      0.00     11.22      0.00      0.00     62.24
06:47:25        all     63.37      0.00     34.65      0.00      0.00      1.98
06:47:26        all     71.72      0.00     26.26      0.00      0.00      2.02
06:47:27        all     56.00      0.00     25.00      0.00      0.00     19.00
06:47:28        all     39.80      0.00     14.29      0.00      0.00     45.92
06:47:29        all     60.00      0.00     16.00      0.00      0.00     24.00
06:47:30        all     91.00      0.00      9.00      0.00      0.00      0.00
06:47:31        all     92.00      0.00      8.00      0.00      0.00      0.00
06:47:32        all     93.00      0.00      7.00      0.00      0.00      0.00
06:47:33        all     70.00      0.00     30.00      0.00      0.00      0.00
06:47:34        all     54.46      0.00     39.60      0.00      0.00      5.94
06:47:35        all     64.00      0.00     33.00      0.00      0.00      3.00
06:47:36        all      3.96      0.00      2.97      0.00      0.00     93.07
06:47:37        all      0.00      0.00      0.00      0.00      0.00    100.00
06:47:38        all      1.00      0.00      1.00      0.00      0.00     98.00
06:47:39        all      0.00      0.00      0.00      0.00      0.00    100.00
06:47:40        all      0.00      0.00      0.00      0.00      0.00    100.00
Average:        all     38.95      0.00     15.17      0.00      0.00     45.88
