Linux 5.15.0-131-generic (fe.magic-number.odbjtomcatpefs-pg0.wisc.cloudlab.us) 	08/25/25 	_x86_64_	(40 CPU)

07:00:00        CPU     %user     %nice   %system   %iowait    %steal     %idle
07:00:01        all     28.28      0.00     12.12      0.00      0.00     59.60
07:00:02        all     23.76      0.00     15.84      0.00      0.00     60.40
07:00:03        all     26.80      0.00     12.37      0.00      0.00     60.82
07:00:04        all     25.51      0.00     15.31      0.00      0.00     59.18
07:00:05        all     28.16      0.00     17.48      0.00      0.00     54.37
07:00:06        all     26.04      0.00     16.67      0.00      0.00     57.29
07:00:07        all     30.10      0.00     17.48      0.00      0.00     52.43
07:00:08        all     28.57      0.00     18.37      0.00      0.00     53.06
07:00:09        all     32.99      0.00     14.43      0.00      0.00     52.58
07:00:10        all     29.41      0.00     21.57      0.00      0.00     49.02
07:00:11        all     32.00      0.00     17.00      0.00      0.00     51.00
07:00:12        all     35.64      0.00     17.82      0.00      0.00     46.53
07:00:13        all     39.00      0.00     16.00      0.00      0.00     45.00
07:00:14        all     34.31      0.00     18.63      0.00      0.00     47.06
07:00:15        all     37.37      0.00     15.15      0.00      0.00     47.47
07:00:16        all     63.37      0.00     11.88      0.00      0.00     24.75
07:00:17        all     90.00      0.00     10.00      0.00      0.00      0.00
07:00:18        all     88.00      0.00     12.00      0.00      0.00      0.00
07:00:19        all     62.63      0.00     30.30      0.00      0.00      7.07
07:00:20        all     40.59      0.00     33.66      0.00      0.00     25.74
07:00:21        all     45.36      0.00     30.93      0.00      0.00     23.71
07:00:22        all      6.06      0.00      2.02      0.00      0.00     91.92
07:00:23        all      3.03      0.00      3.03      0.00      0.00     93.94
07:00:24        all      0.00      0.00      1.00      0.00      0.00     99.00
07:00:25        all      3.06      0.00      1.02      0.00      0.00     95.92
07:00:26        all     32.67      0.00     21.78      0.00      0.00     45.54
07:00:27        all     60.00      0.00     24.00      0.00      0.00     16.00
07:00:28        all     57.58      0.00     31.31      0.00      0.00     11.11
07:00:29        all     30.39      0.00     19.61      0.00      0.00     50.00
07:00:30        all     32.04      0.00     20.39      0.00      0.00     47.57
07:00:31        all     34.00      0.00     16.00      0.00      0.00     50.00
07:00:32        all     34.34      0.00     17.17      0.00      0.00     48.48
07:00:33        all     34.69      0.00     17.35      0.00      0.00     47.96
07:00:34        all     32.32      0.00     20.20      0.00      0.00     47.47
07:00:35        all     38.61      0.00     16.83      0.00      0.00     44.55
07:00:36        all      8.16      0.00      5.10      0.00      0.00     86.73
07:00:37        all      0.00      0.00      0.00      0.00      0.00    100.00
07:00:38        all      0.00      0.00      1.02      0.00      0.00     98.98
07:00:39        all      0.00      0.00      1.02      0.00      0.00     98.98
07:00:40        all      4.08      0.00      3.06      0.00      0.00     92.86
Average:        all     31.58      0.00     14.97      0.00      0.00     53.44
