Linux 5.15.0-131-generic (is.magic-number.odbjtomcatpefs-pg0.wisc.cloudlab.us) 	08/25/25 	_x86_64_	(40 CPU)

07:04:00        CPU     %user     %nice   %system   %iowait    %steal     %idle
07:04:01        all     25.00      0.00     15.00      0.00      0.00     60.00
07:04:02        all     24.24      0.00     17.17      0.00      0.00     58.59
07:04:03        all     27.72      0.00     13.86      0.00      0.00     58.42
07:04:04        all     30.00      0.00     14.00      0.00      0.00     56.00
07:04:05        all     33.66      0.00     12.87      0.00      0.00     53.47
07:04:06        all     29.70      0.00     15.84      0.00      0.00     54.46
07:04:07        all     34.34      0.00     13.13      0.00      0.00     52.53
07:04:08        all     30.30      0.00     18.18      0.00      0.00     51.52
07:04:09        all     33.00      0.00     16.00      0.00      0.00     51.00
07:04:10        all     35.35      0.00     15.15      0.00      0.00     49.49
07:04:11        all     34.34      0.00     15.15      0.00      0.00     50.51
07:04:12        all     33.33      0.00     19.61      0.00      0.00     47.06
07:04:13        all     36.63      0.00     16.83      0.00      0.00     46.53
07:04:14        all     15.46      0.00      8.25      0.00      0.00     76.29
07:04:15        all     13.19      0.00      6.59      0.00      0.00     80.22
07:04:16        all     34.34      0.00     14.14      0.00      0.00     51.52
07:04:17        all     84.00      0.00     16.00      0.00      0.00      0.00
07:04:18        all     87.13      0.00     12.87      0.00      0.00      0.00
07:04:19        all     84.00      0.00     16.00      0.00      0.00      0.00
07:04:20        all     72.73      0.00     27.27      0.00      0.00      0.00
07:04:21        all     63.64      0.00     36.36      0.00      0.00      0.00
07:04:22        all     36.89      0.00     18.45      0.00      0.00     44.66
07:04:23        all     31.00      0.00     16.00      0.00      0.00     53.00
07:04:24        all     30.00      0.00     20.00      0.00      0.00     50.00
07:04:25        all     30.00      0.00     19.00      0.00      0.00     51.00
07:04:26        all     34.34      0.00     16.16      0.00      0.00     49.49
07:04:27        all     34.34      0.00     16.16      0.00      0.00     49.49
07:04:28        all     37.37      0.00     14.14      0.00      0.00     48.48
07:04:29        all     38.00      0.00     16.00      0.00      0.00     46.00
07:04:30        all     38.00      0.00     17.00      0.00      0.00     45.00
07:04:31        all     40.59      0.00     13.86      0.00      0.00     45.54
07:04:32        all     35.71      0.00     19.39      0.00      0.00     44.90
07:04:33        all     42.00      0.00     16.00      0.00      0.00     42.00
07:04:34        all     40.00      0.00     17.00      0.00      0.00     43.00
07:04:35        all     42.00      0.00     17.00      0.00      0.00     41.00
07:04:36        all     11.83      0.00      7.53      0.00      0.00     80.65
07:04:37        all      6.45      0.00     10.75      0.00      0.00     82.80
07:04:38        all      6.74      0.00      7.87      0.00      0.00     85.39
07:04:39        all      0.00      0.00      0.00      0.00      0.00    100.00
07:04:40        all     50.00      0.00      7.00      0.00      0.00     43.00
Average:        all     36.48      0.00     15.32      0.00      0.00     48.21
