Linux 5.15.0-131-generic (is.magic-number.odbjtomcatpefs-pg0.wisc.cloudlab.us) 	08/25/25 	_x86_64_	(40 CPU)

06:49:00        CPU     %user     %nice   %system   %iowait    %steal     %idle
06:49:01        all     62.00      0.00     12.00      0.00      0.00     26.00
06:49:02        all     29.70      0.00     21.78      0.00      0.00     48.51
06:49:03        all     39.39      0.00     14.14      0.00      0.00     46.46
06:49:04        all     66.33      0.00     12.24      0.00      0.00     21.43
06:49:05        all     39.60      0.00     20.79      0.00      0.00     39.60
06:49:06        all     30.30      0.00      8.08      0.00      0.00     61.62
06:49:07        all     44.33      0.00     20.62      0.00      0.00     35.05
06:49:08        all     35.05      0.00     17.53      0.00      0.00     47.42
06:49:09        all     38.14      0.00     14.43      0.00      0.00     47.42
06:49:10        all     35.64      0.00     18.81      0.00      0.00     45.54
06:49:11        all     34.00      0.00     18.00      0.00      0.00     48.00
06:49:12        all     36.36      0.00     16.16      0.00      0.00     47.47
06:49:13        all     43.43      0.00     16.16      0.00      0.00     40.40
06:49:14        all     84.85      0.00     14.14      0.00      0.00      1.01
06:49:15        all     71.00      0.00     29.00      0.00      0.00      0.00
06:49:16        all     91.00      0.00      9.00      0.00      0.00      0.00
06:49:17        all     99.00      0.00      1.00      0.00      0.00      0.00
06:49:18        all     97.03      0.00      2.97      0.00      0.00      0.00
06:49:19        all     98.99      0.00      1.01      0.00      0.00      0.00
06:49:20        all     99.00      0.00      1.00      0.00      0.00      0.00
06:49:21        all     75.25      0.00     24.75      0.00      0.00      0.00
06:49:22        all     56.00      0.00     43.00      0.00      0.00      1.00
06:49:23        all     67.00      0.00     33.00      0.00      0.00      0.00
06:49:24        all     76.00      0.00     24.00      0.00      0.00      0.00
06:49:25        all     66.00      0.00     32.00      0.00      0.00      2.00
06:49:26        all     79.21      0.00     20.79      0.00      0.00      0.00
06:49:27        all     38.38      0.00     15.15      0.00      0.00     46.46
06:49:28        all      2.06      0.00      2.06      0.00      0.00     95.88
06:49:29        all     10.87      0.00     14.13      0.00      0.00     75.00
06:49:30        all      0.00      0.00      1.15      0.00      0.00     98.85
06:49:31        all      1.03      0.00      0.00      0.00      0.00     98.97
06:49:32        all      0.00      0.00      1.01      0.00      0.00     98.99
06:49:33        all      3.00      0.00      1.00      0.00      0.00     96.00
06:49:34        all     67.00      0.00     33.00      0.00      0.00      0.00
06:49:35        all     77.00      0.00     23.00      0.00      0.00      0.00
06:49:36        all      2.04      0.00      3.06      0.00      0.00     94.90
06:49:37        all      1.03      0.00      0.00      0.00      0.00     98.97
06:49:38        all      0.00      0.00      0.00      0.00      0.00    100.00
06:49:39        all      0.00      0.00      1.01      0.00      0.00     98.99
06:49:40        all      0.00      0.00      0.00      0.00      0.00    100.00
Average:        all     45.38      0.00     13.63      0.00      0.00     40.99
