Linux 5.15.0-131-generic (be.magic-number.odbjtomcatpefs-pg0.wisc.cloudlab.us) 	08/25/25 	_x86_64_	(40 CPU)

06:32:00        CPU     %user     %nice   %system   %iowait    %steal     %idle
06:32:01        all     12.24      0.00      9.18      0.00      0.00     78.57
06:32:02        all      6.12      0.00      8.16      0.00      0.00     85.71
06:32:03        all      7.92      0.00      8.91      0.00      0.00     83.17
06:32:04        all      6.06      0.00      9.09      0.00      0.00     84.85
06:32:05        all      7.14      0.00      8.16      0.00      0.00     84.69
06:32:06        all     10.78      0.00      5.88      0.00      0.00     83.33
06:32:07        all      4.95      0.00      2.97      0.00      0.00     92.08
06:32:08        all     15.00      0.00     18.00      0.00      0.00     67.00
06:32:09        all      7.22      0.00     12.37      0.00      0.00     80.41
06:32:10        all      9.00      0.00     11.00      0.00      0.00     80.00
06:32:11        all      9.18      0.00     10.20      0.00      0.00     80.61
06:32:12        all      9.09      0.00      8.08      0.00      0.00     82.83
06:32:13        all      8.00      0.00     10.00      0.00      0.00     82.00
06:32:14        all     10.00      0.00     16.00      0.00      0.00     74.00
06:32:15        all      6.00      0.00     10.00      0.00      0.00     84.00
06:32:16        all      7.00      0.00      9.00      0.00      0.00     84.00
06:32:17        all      6.19      0.00      7.22      0.00      0.00     86.60
06:32:18        all      8.16      0.00      6.12      0.00      0.00     85.71
06:32:19        all      8.00      0.00      9.00      0.00      0.00     83.00
06:32:20        all      8.08      0.00      7.07      0.00      0.00     84.85
06:32:21        all      6.93      0.00      9.90      0.00      0.00     83.17
06:32:22        all      7.07      0.00      8.08      0.00      0.00     84.85
06:32:23        all      6.59      0.00      8.79      0.00      0.00     84.62
06:32:24        all      3.37      0.00      3.37      0.00      0.00     93.26
06:32:25        all      1.06      0.00      1.06      0.00      0.00     97.87
06:32:26        all      0.99      0.00      1.98      0.00      0.00     97.03
06:32:27        all     22.77      0.00     22.77      0.00      0.00     54.46
06:32:28        all     25.25      0.00     18.18      0.00      0.00     56.57
06:32:29        all     13.98      0.00      9.68      0.00      0.00     76.34
06:32:30        all     10.68      0.00      7.77      0.00      0.00     81.55
06:32:31        all      0.00      0.00      0.00      0.00      0.00    100.00
06:32:32        all      0.00      0.00      0.00      0.00      0.00    100.00
06:32:33        all      0.00      0.00      0.00      0.00      0.00    100.00
06:32:34        all      0.00      0.00      0.00      0.00      0.00    100.00
06:32:35        all      0.00      0.00      0.00      0.00      0.00    100.00
06:32:36        all      1.02      0.00      1.02      0.00      0.00     97.96
06:32:37        all      0.00      0.00      1.00      0.00      0.00     99.00
06:32:38        all      0.00      0.00      0.00      0.00      0.00    100.00
06:32:39        all      0.00      0.00      0.00      0.00      0.00    100.00
06:32:40        all      0.00      0.00      0.00      0.00      0.00    100.00
Average:        all      6.66      0.00      7.01      0.00      0.00     86.33
