Linux 5.15.0-131-generic (fe.magic-number.odbjtomcatpefs-pg0.wisc.cloudlab.us) 	08/25/25 	_x86_64_	(40 CPU)

06:49:00        CPU     %user     %nice   %system   %iowait    %steal     %idle
06:49:01        all     24.49      0.00     18.37      0.00      0.00     57.14
06:49:02        all     32.00      0.00     13.00      0.00      0.00     55.00
06:49:03        all     25.00      0.00     21.15      0.00      0.00     53.85
06:49:04        all     30.00      0.00     17.00      0.00      0.00     53.00
06:49:05        all     34.62      0.00     15.38      0.00      0.00     50.00
06:49:06        all     72.73      0.00     18.18      0.00      0.00      9.09
06:49:07        all     72.55      0.00     25.49      0.00      0.00      1.96
06:49:08        all     62.63      0.00     18.18      0.00      0.00     19.19
06:49:09        all     25.51      0.00     16.33      0.00      0.00     58.16
06:49:10        all     26.26      0.00     16.16      0.00      0.00     57.58
06:49:11        all     23.23      0.00     19.19      0.00      0.00     57.58
06:49:12        all     25.51      0.00     18.37      0.00      0.00     56.12
06:49:13        all     25.25      0.00     19.19      0.00      0.00     55.56
06:49:14        all     11.00      0.00      3.00      0.00      0.00     86.00
06:49:15        all      2.04      0.00      1.02      0.00      0.00     96.94
06:49:16        all      3.03      0.00      0.00      0.00      0.00     96.97
06:49:17        all      0.00      0.00      0.00      0.00      0.00    100.00
06:49:18        all      0.00      0.00      0.00      0.00      0.00    100.00
06:49:19        all      0.00      0.00      1.01      0.00      0.00     98.99
06:49:20        all      0.00      0.00      0.00      0.00      0.00    100.00
06:49:21        all      0.00      0.00      0.00      0.00      0.00    100.00
06:49:22        all     64.00      0.00     32.00      0.00      0.00      4.00
06:49:23        all     67.00      0.00     33.00      0.00      0.00      0.00
06:49:24        all     61.86      0.00     24.74      0.00      0.00     13.40
06:49:25        all     69.39      0.00     28.57      0.00      0.00      2.04
06:49:26        all     57.14      0.00     23.47      0.00      0.00     19.39
06:49:27        all     43.30      0.00     19.59      0.00      0.00     37.11
06:49:28        all     86.00      0.00     14.00      0.00      0.00      0.00
06:49:29        all     78.00      0.00     22.00      0.00      0.00      0.00
06:49:30        all     90.00      0.00     10.00      0.00      0.00      0.00
06:49:31        all     95.05      0.00      4.95      0.00      0.00      0.00
06:49:32        all     84.85      0.00     15.15      0.00      0.00      0.00
06:49:33        all     78.22      0.00     20.79      0.00      0.00      0.99
06:49:34        all     46.94      0.00     30.61      0.00      0.00     22.45
06:49:35        all     39.39      0.00     30.30      0.00      0.00     30.30
06:49:36        all      2.97      0.00      1.98      0.00      0.00     95.05
06:49:37        all      0.00      0.00      0.00      0.00      0.00    100.00
06:49:38        all      1.00      0.00      0.00      0.00      0.00     99.00
06:49:39        all      0.00      0.00      0.99      0.00      0.00     99.01
06:49:40        all      0.00      0.00      0.00      0.00      0.00    100.00
Average:        all     36.61      0.00     13.84      0.00      0.00     49.55
