Linux 5.15.0-131-generic (is.magic-number.odbjtomcatpefs-pg0.wisc.cloudlab.us) 	08/25/25 	_x86_64_	(40 CPU)

10:00:00        CPU     %user     %nice   %system   %iowait    %steal     %idle
10:00:01        all     59.00      0.00     21.00      0.00      0.00     20.00
10:00:02        all     46.00      0.00     18.00      0.00      0.00     36.00
10:00:03        all     50.00      0.00     12.75      0.00      0.00     37.25
10:00:04        all     46.30      0.00     23.15      0.00      0.00     30.56
10:00:05        all     67.00      0.00     16.00      0.00      0.00     17.00
10:00:06        all     49.00      0.00     15.00      0.00      0.00     36.00
10:00:07        all     34.65      0.00     19.80      0.00      0.00     45.54
10:00:08        all     30.30      0.00     19.19      0.00      0.00     50.51
10:00:09        all     70.00      0.00     15.00      0.00      0.00     15.00
10:00:10        all     70.10      0.00     25.77      0.00      0.00      4.12
10:00:11        all     61.62      0.00     21.21      0.00      0.00     17.17
10:00:12        all     41.00      0.00     21.00      0.00      0.00     38.00
10:00:13        all     30.00      0.00     20.00      0.00      0.00     50.00
10:00:14        all     38.00      0.00     15.00      0.00      0.00     47.00
10:00:15        all     36.36      0.00     15.15      0.00      0.00     48.48
10:00:16        all     28.28      0.00     21.21      0.00      0.00     50.51
10:00:17        all     22.12      0.00     14.42      0.00      0.00     63.46
10:00:18        all     31.09      0.00     20.17      0.00      0.00     48.74
10:00:19        all     42.48      0.00     23.89      0.00      0.00     33.63
10:00:20        all     64.00      0.00     34.00      0.00      0.00      2.00
10:00:21        all     44.00      0.00     26.00      0.00      0.00     30.00
10:00:22        all     41.84      0.00     15.31      0.00      0.00     42.86
10:00:23        all     83.84      0.00     15.15      0.00      0.00      1.01
10:00:24        all     82.00      0.00     18.00      0.00      0.00      0.00
10:00:25        all     70.59      0.00     27.45      0.00      0.00      1.96
10:00:26        all     63.73      0.00     30.39      0.00      0.00      5.88
10:00:27        all     38.83      0.00     22.33      0.00      0.00     38.83
10:00:28        all     31.63      0.00     16.33      0.00      0.00     52.04
10:00:29        all     33.33      0.00     17.17      0.00      0.00     49.49
10:00:30        all     33.00      0.00     19.00      0.00      0.00     48.00
10:00:31        all     64.29      0.00     14.29      0.00      0.00     21.43
10:00:32        all     19.53      0.00     19.53      0.00      0.00     60.94
10:00:33        all     22.58      0.00     27.42      0.00      0.00     50.00
10:00:34        all     63.00      0.00     34.00      0.00      0.00      3.00
10:00:35        all     76.00      0.00     24.00      0.00      0.00      0.00
10:00:36        all      7.22      0.00      2.06      0.00      0.00     90.72
10:00:37        all      2.00      0.00      2.00      0.00      0.00     96.00
10:00:38        all      0.00      0.00      1.02      0.00      0.00     98.98
10:00:39        all      0.00      0.00      1.01      0.00      0.00     98.99
10:00:40        all      0.00      0.00      0.00      0.00      0.00    100.00
Average:        all     42.10      0.00     18.25      0.00      0.00     39.65
