Linux 5.15.0-131-generic (fe.magic-number.odbjtomcatpefs-pg0.wisc.cloudlab.us) 	08/25/25 	_x86_64_	(40 CPU)

06:47:00        CPU     %user     %nice   %system   %iowait    %steal     %idle
06:47:01        all     18.81      0.00     21.78      0.00      0.00     59.41
06:47:02        all     24.00      0.00     16.00      0.00      0.00     60.00
06:47:03        all     22.92      0.00     16.67      0.00      0.00     60.42
06:47:04        all     25.74      0.00     17.82      0.00      0.00     56.44
06:47:05        all     39.80      0.00     14.29      0.00      0.00     45.92
06:47:06        all     26.26      0.00     18.18      0.00      0.00     55.56
06:47:07        all     27.55      0.00     16.33      0.00      0.00     56.12
06:47:08        all     24.49      0.00     13.27      0.00      0.00     62.24
06:47:09        all     32.32      0.00     20.20      0.00      0.00     47.47
06:47:10        all     27.27      0.00     16.16      0.00      0.00     56.57
06:47:11        all     30.61      0.00     15.31      0.00      0.00     54.08
06:47:12        all     30.00      0.00     19.00      0.00      0.00     51.00
06:47:13        all     32.00      0.00     18.00      0.00      0.00     50.00
06:47:14        all     31.31      0.00     20.20      0.00      0.00     48.48
06:47:15        all     35.35      0.00     16.16      0.00      0.00     48.48
06:47:16        all     36.63      0.00     16.83      0.00      0.00     46.53
06:47:17        all     35.35      0.00     17.17      0.00      0.00     47.47
06:47:18        all     39.39      0.00     15.15      0.00      0.00     45.45
06:47:19        all     36.73      0.00     16.33      0.00      0.00     46.94
06:47:20        all     69.61      0.00     16.67      0.00      0.00     13.73
06:47:21        all     91.00      0.00      9.00      0.00      0.00      0.00
06:47:22        all     84.00      0.00     16.00      0.00      0.00      0.00
06:47:23        all     83.00      0.00     17.00      0.00      0.00      0.00
06:47:24        all     68.00      0.00     22.00      0.00      0.00     10.00
06:47:25        all     55.56      0.00     25.25      0.00      0.00     19.19
06:47:26        all     51.00      0.00     33.00      0.00      0.00     16.00
06:47:27        all     45.54      0.00     20.79      0.00      0.00     33.66
06:47:28        all     29.59      0.00     16.33      0.00      0.00     54.08
06:47:29        all     16.83      0.00     14.85      0.00      0.00     68.32
06:47:30        all      1.01      0.00      1.01      0.00      0.00     97.98
06:47:31        all      5.15      0.00      0.00      0.00      0.00     94.85
06:47:32        all      1.00      0.00      3.00      0.00      0.00     96.00
06:47:33        all      3.03      0.00      1.01      0.00      0.00     95.96
06:47:34        all     66.34      0.00     26.73      0.00      0.00      6.93
06:47:35        all     70.71      0.00     28.28      0.00      0.00      1.01
06:47:36        all      2.06      0.00      2.06      0.00      0.00     95.88
06:47:37        all      0.00      0.00      1.02      0.00      0.00     98.98
06:47:38        all      0.00      0.00      0.00      0.00      0.00    100.00
06:47:39        all      0.00      0.00      0.00      0.00      0.00    100.00
06:47:40        all      1.03      0.00      0.00      0.00      0.00     98.97
Average:        all     33.19      0.00     14.53      0.00      0.00     52.28
