Linux 5.15.0-131-generic (be.magic-number.odbjtomcatpefs-pg0.wisc.cloudlab.us) 	08/25/25 	_x86_64_	(40 CPU)

06:34:00        CPU     %user     %nice   %system   %iowait    %steal     %idle
06:34:01        all      7.92      0.00     10.89      0.00      0.00     81.19
06:34:02        all      9.00      0.00      7.00      0.00      0.00     84.00
06:34:03        all     11.00      0.00      4.00      0.00      0.00     85.00
06:34:04        all      5.15      0.00      7.22      0.00      0.00     87.63
06:34:05        all      8.74      0.00      9.71      0.00      0.00     81.55
06:34:06        all      5.21      0.00      7.29      0.00      0.00     87.50
06:34:07        all     10.00      0.00      6.00      0.00      0.00     84.00
06:34:08        all      7.84      0.00      9.80      0.00      0.00     82.35
06:34:09        all      6.32      0.00      4.21      0.00      0.00     89.47
06:34:10        all     10.10      0.00     10.10      0.00      0.00     79.80
06:34:11        all      8.00      0.00      7.00      0.00      0.00     85.00
06:34:12        all      6.00      0.00      6.00      0.00      0.00     88.00
06:34:13        all      6.74      0.00      1.12      0.00      0.00     92.13
06:34:14        all      6.45      0.00      4.30      0.00      0.00     89.25
06:34:15        all     25.00      0.00     21.00      0.00      0.00     54.00
06:34:16        all     10.31      0.00     10.31      0.00      0.00     79.38
06:34:17        all      7.92      0.00      8.91      0.00      0.00     83.17
06:34:18        all      5.10      0.00      9.18      0.00      0.00     85.71
06:34:19        all      7.92      0.00      7.92      0.00      0.00     84.16
06:34:20        all      8.91      0.00      7.92      0.00      0.00     83.17
06:34:21        all      4.08      0.00     10.20      0.00      0.00     85.71
06:34:22        all      8.82      0.00      8.82      0.00      0.00     82.35
06:34:23        all      2.08      0.00      2.08      0.00      0.00     95.83
06:34:24        all      0.00      0.00      1.00      0.00      0.00     99.00
06:34:25        all      0.00      0.00      0.00      0.00      0.00    100.00
06:34:26        all      0.00      0.00      0.00      0.00      0.00    100.00
06:34:27        all      0.00      0.00      0.00      0.00      0.00    100.00
06:34:28        all     11.11      0.00      6.06      0.00      0.00     82.83
06:34:29        all     13.83      0.00     20.21      0.00      0.00     65.96
06:34:30        all     17.53      0.00     18.56      0.00      0.00     63.92
06:34:31        all     17.53      0.00     16.49      0.00      0.00     65.98
06:34:32        all      8.91      0.00     12.87      0.00      0.00     78.22
06:34:33        all      7.22      0.00      6.19      0.00      0.00     86.60
06:34:34        all      9.71      0.00      8.74      0.00      0.00     81.55
06:34:35        all      5.26      0.00      6.32      0.00      0.00     88.42
06:34:36        all      2.30      0.00      4.60      0.00      0.00     93.10
06:34:37        all      2.41      0.00      2.41      0.00      0.00     95.18
06:34:38        all      0.00      0.00      0.00      0.00      0.00    100.00
06:34:39        all      0.99      0.00      2.97      0.00      0.00     96.04
06:34:40        all      0.00      0.00      0.00      0.00      0.00    100.00
Average:        all      7.17      0.00      7.22      0.00      0.00     85.61
