Linux 5.15.0-131-generic (fe.magic-number.odbjtomcatpefs-pg0.wisc.cloudlab.us) 	08/25/25 	_x86_64_	(40 CPU)

07:04:00        CPU     %user     %nice   %system   %iowait    %steal     %idle
07:04:01        all     21.21      0.00     18.18      0.00      0.00     60.61
07:04:02        all     20.79      0.00     20.79      0.00      0.00     58.42
07:04:03        all     26.00      0.00     15.00      0.00      0.00     59.00
07:04:04        all     26.73      0.00     16.83      0.00      0.00     56.44
07:04:05        all     25.74      0.00     18.81      0.00      0.00     55.45
07:04:06        all     23.76      0.00     20.79      0.00      0.00     55.45
07:04:07        all     24.49      0.00     20.41      0.00      0.00     55.10
07:04:08        all     31.68      0.00     16.83      0.00      0.00     51.49
07:04:09        all     28.43      0.00     19.61      0.00      0.00     51.96
07:04:10        all     24.74      0.00     22.68      0.00      0.00     52.58
07:04:11        all     30.93      0.00     18.56      0.00      0.00     50.52
07:04:12        all     35.35      0.00     14.14      0.00      0.00     50.51
07:04:13        all     34.00      0.00     18.00      0.00      0.00     48.00
07:04:14        all     83.00      0.00     13.00      0.00      0.00      4.00
07:04:15        all     84.00      0.00     16.00      0.00      0.00      0.00
07:04:16        all     72.00      0.00     24.00      0.00      0.00      4.00
07:04:17        all     21.00      0.00     15.00      0.00      0.00     64.00
07:04:18        all      1.01      0.00      0.00      0.00      0.00     98.99
07:04:19        all      7.92      0.00      3.96      0.00      0.00     88.12
07:04:20        all     34.34      0.00     24.24      0.00      0.00     41.41
07:04:21        all     58.59      0.00     34.34      0.00      0.00      7.07
07:04:22        all     30.93      0.00     19.59      0.00      0.00     49.48
07:04:23        all     31.00      0.00     15.00      0.00      0.00     54.00
07:04:24        all     30.39      0.00     17.65      0.00      0.00     51.96
07:04:25        all     31.68      0.00     16.83      0.00      0.00     51.49
07:04:26        all     37.11      0.00     11.34      0.00      0.00     51.55
07:04:27        all     32.00      0.00     17.00      0.00      0.00     51.00
07:04:28        all     35.00      0.00     16.00      0.00      0.00     49.00
07:04:29        all     35.35      0.00     15.15      0.00      0.00     49.49
07:04:30        all     34.69      0.00     17.35      0.00      0.00     47.96
07:04:31        all     34.38      0.00     17.71      0.00      0.00     47.92
07:04:32        all     36.00      0.00     18.00      0.00      0.00     46.00
07:04:33        all     37.76      0.00     17.35      0.00      0.00     44.90
07:04:34        all     36.36      0.00     18.18      0.00      0.00     45.45
07:04:35        all     46.94      0.00     16.33      0.00      0.00     36.73
07:04:36        all     89.11      0.00     10.89      0.00      0.00      0.00
07:04:37        all     88.89      0.00     11.11      0.00      0.00      0.00
07:04:38        all     88.12      0.00     11.88      0.00      0.00      0.00
07:04:39        all     83.84      0.00     16.16      0.00      0.00      0.00
07:04:40        all     40.20      0.00     12.75      0.00      0.00     47.06
Average:        all     39.90      0.00     16.68      0.00      0.00     43.42
