Linux 5.15.0-131-generic (be.magic-number.odbjtomcatpefs-pg0.wisc.cloudlab.us) 	08/25/25 	_x86_64_	(40 CPU)

10:00:00        CPU     %user     %nice   %system   %iowait    %steal     %idle
10:00:01        all     58.59      0.00      7.07      0.00      0.00     34.34
10:00:02        all     29.59      0.00      8.16      0.00      0.00     62.24
10:00:03        all     16.00      0.00     10.00      0.00      0.00     74.00
10:00:04        all     39.39      0.00      8.08      0.00      0.00     52.53
10:00:05        all     31.68      0.00      9.90      0.00      0.00     58.42
10:00:06        all     23.53      0.00     11.76      0.00      0.00     64.71
10:00:07        all     17.65      0.00      9.80      0.00      0.00     72.55
10:00:08        all     10.20      0.00     10.20      0.00      0.00     79.59
10:00:09        all     27.27      0.00      8.08      0.00      0.00     64.65
10:00:10        all     24.21      0.00     17.89      0.00      0.00     57.89
10:00:11        all     20.62      0.00     15.46      0.00      0.00     63.92
10:00:12        all     13.68      0.00     10.53      0.00      0.00     75.79
10:00:13        all     12.87      0.00      9.90      0.00      0.00     77.23
10:00:14        all     13.27      0.00      9.18      0.00      0.00     77.55
10:00:15        all      8.00      0.00     12.00      0.00      0.00     80.00
10:00:16        all     16.33      0.00      9.18      0.00      0.00     74.49
10:00:17        all      5.05      0.00      5.05      0.00      0.00     89.90
10:00:18        all      2.00      0.00      3.00      0.00      0.00     95.00
10:00:19        all      6.00      0.00      7.00      0.00      0.00     87.00
10:00:20        all     19.15      0.00     22.34      0.00      0.00     58.51
10:00:21        all     31.25      0.00     11.46      0.00      0.00     57.29
10:00:22        all      7.07      0.00     12.12      0.00      0.00     80.81
10:00:23        all      6.19      0.00      7.22      0.00      0.00     86.60
10:00:24        all      5.56      0.00      8.89      0.00      0.00     85.56
10:00:25        all     14.29      0.00     16.48      0.00      0.00     69.23
10:00:26        all     54.64      0.00     13.40      0.00      0.00     31.96
10:00:27        all     32.35      0.00      9.80      0.00      0.00     57.84
10:00:28        all     25.51      0.00      8.16      0.00      0.00     66.33
10:00:29        all     26.47      0.00      8.82      0.00      0.00     64.71
10:00:30        all     10.10      0.00     12.12      0.00      0.00     77.78
10:00:31        all     35.05      0.00      7.22      0.00      0.00     57.73
10:00:32        all      0.00      0.00      1.00      0.00      0.00     99.00
10:00:33        all      2.00      0.00      4.00      0.00      0.00     94.00
10:00:34        all     18.27      0.00     24.04      0.00      0.00     57.69
10:00:35        all     21.43      0.00     16.33      0.00      0.00     62.24
10:00:36        all      1.00      0.00      1.00      0.00      0.00     98.00
10:00:37        all      0.00      0.00      0.00      0.00      0.00    100.00
10:00:38        all      0.00      0.00      1.00      0.00      0.00     99.00
10:00:39        all      0.00      0.00      0.00      0.00      0.00    100.00
10:00:40        all      0.00      0.00      0.00      0.00      0.00    100.00
Average:        all     17.14      0.00      9.15      0.00      0.00     73.71
